 1 1
 0 0
 1 1
 3 3
 0 0
 0 0
 0 0
 0 0
 1 1
 0 0
 1 1
 4 4
 1 1
 2 2
 4 5
 4 5
 0 0
 0 0
 0 0
 0 0
 0 0
 0 0
 0 0
 0 0
 0 0
 0 0
 0 1
 0 1
 0 0
 1 1
 0 0
 0 1
 19 19
 13 13
 9 9
 3 3
 2 2
 1 1
 0 0
 0 0
 0 0
 0 0
 0 0
 0 0
 0 0
 0 0
 0 0
 1 2
 1 2
 0 1
 0 7
 4 4
 1 1
 0 0
 2 2
 0 0
 2 2
 1 1
 0 0
 0 0
 2 4
 0 2
 2 2
 3 3
 1 1
 1 1
 0 0
 0 1
 0 0
 0 2
 2 2
 1 1
 0 0
 0 1
 0 0
 0 0
 0 0
 0 0
 0 0
 0 0
 1 1
 1 1
 15 15
 5 5
 4 4
 4 4
 1 1
 1 1
 1 1
 0 0
 0 0
 0 0
 0 0
 0 0
 0 0
 0 0
 0 0
 0 0
 0 0
 0 1
 4 5
 2 3
 0 0
 0 0
 0 0
 0 0
 2 8
 2 2
 1 1
 0 0
 2 2
 3 3
 2 2
 1 1
 0 0
 0 0
 2 2
 0 0
 5 5
 4 4
 4 4
 2 2
 1 1
 1 1
 0 0
 0 0
 0 0
 4 4
 4 4
 3 3
 1 1
 2 3
 0 0
 0 0
 0 0
 0 0
 0 0
 0 0
 0 0
 0 0
 0 0
 0 0
 0 0
 0 0
 0 1
 2 2
 2 2
 0 0
 0 0
 3 3
 0 0
 0 0
 0 0
 1 1
 1 1
 0 0
 1 1
 0 0
 17 19
 3 3
 2 2
 1 1
 0 0
 0 0
 0 4
 1 1
 2 3
 1 1
 1 1
 0 0
 0 0
 3 3
 3 3
 0 0
 5 6
 1 1
 0 0
 0 0
 0 2
 8 8
 6 6
 1 1
 0 0
 3 3
 3 3
 0 0
 2 2
 0 0
 1 1
 0 0
 0 0
 0 0
 0 0
 2 2
 2 2
 1 1
 3 4
 2 3
 2 3
 0 0
 0 0
 0 0
 0 0
 0 0
 1 2
 1 2
 0 1
 1 3
 0 3
 2 2
 2 2
 1 1
 0 1
 3 10
 0 1
 0 1
 1 4
 0 0
 5 5
 3 3
 0 0
 0 0
 0 0
 0 1
 1 3
 0 0
 1 1
 1 1
 1 1
 0 0
 0 0
 0 0
 0 0
 0 0
 0 1
 0 0
 0 0
 0 0
 0 0
 0 0
 3 3
 1 1
 1 1
 2 3
 0 0
 1 9
 1 1
 0 0
 0 0
 0 0
 2 2
 0 0
 0 0
 0 0
 1 3
 3 7
 0 0
 2 2
 1 1
 0 0
 1 1
 1 1
 2 2
 4 5
 6 8
 1 1
 1 1
 0 0
 0 0
 0 0
 0 0
 0 0
 0 0
 0 0
 0 0
 0 0
 1 2
 0 0
 0 0
 0 0
 0 0
 0 0
 0 1
 3 4
 1 3
 1 4
 0 4
 13 13
 6 6
 7 8
 6 7
 3 3
 3 3
 3 3
 5 6
 2 2
 2 2
 1 1
 1 1
 2 3
 0 0
 0 0
 0 0
 0 0
 0 0
 1 5
 0 0
 0 0
 3 3
 2 2
 1 1
 0 0
 1 3
 0 0
 0 0
 0 0
 0 0
 0 0
 0 0
 0 0
 1 1
 4 4
 0 1
 1 4
 5 19
 0 0
 0 0
 0 0
 0 0
 0 0
 0 0
 0 0
 0 1
 1 1
 0 0
 0 0
 0 0
 1 1
 0 0
 2 2
 0 0
 0 0
 0 0
 0 0
 0 0
 0 0
 0 0
 1 1
 1 1
 1 1
 0 0
 0 0
 0 0
 3 3
 2 2
 0 0
 7 7
 1 1
 0 0
 3 5
 2 4
 0 1
 0 1
 1 1
 1 1
 0 0
 0 0
 0 0
 2 2
 1 1
 0 0
 0 0
 0 0
 0 0
 0 0
 2 2
 5 7
 2 3
 0 0
 0 1
 1 3
 7 13
 2 2
 0 0
 1 1
 0 0
 0 0
 0 0
 0 0
 0 0
 1 1
 1 1
 2 2
 0 0
 2 2
 1 1
 1 1
 1 1
 1 1
 0 0
 1 4
 1 4
 0 6
 0 0
 1 1
 6 7
 3 3
 0 0
 1 1
 0 0
 0 0
 0 0
 0 0
 0 0
 0 0
 1 1
 0 0
 0 0
 0 0
 0 0
 0 0
 0 0
 0 0
 0 0
 0 0
 0 0
 0 0
 0 0
 0 0
 0 0
 0 0
 0 0
 0 0
 0 0
 0 0
 0 0
 0 0
 0 0
 0 0
 0 0
 0 0
 0 0
 0 0
 0 0
 0 0
 0 0
 0 0
 0 0
 0 0
 0 0
 0 0
 0 0
 0 0
 0 0
 0 0
 0 0
 0 0
 0 0
 0 0
 0 0
 0 0
 0 0
 0 0
 0 0
 0 0
 0 0
 0 0
 0 0
 0 0
 0 0
 0 0
 0 0
 0 0
 0 0
 0 0
 0 0
 0 0
 0 0
 0 0
 0 0
 0 0
 0 0
 0 0
 0 0
 0 0
 0 0
 0 0
 0 0
 0 0
 0 0
 0 0
 0 0
 0 0
 0 0
 0 0
 0 0
 0 0
 0 0
 0 0
 0 0
 0 0
 3 5
 1 2
 1 2
 1 2
 1 2
 1 2
 1 2
 1 2
 4 7
 2 4
 0 1
 0 1
 0 1
 0 1
 0 1
 0 1
 0 1
 0 1
 0 1
 0 1
 0 1
 43 47
 13 15
 14 17
 4 4
 4 4
 11 14
 20 27
 3 3
 3 3
 3 3
 0 1
 0 1
 0 1
 3 6
 1 3
 1 3
 1 3
 1 3
 1 3
 4 8
 2 5
 0 2
 0 2
 0 2
 1 4
 1 4
 1 4
 1 4
 2 6
 3 8
 1 5
 1 5
 2 7
 0 4
 0 5
 1 7
 0 7
 3 3
 7 9
 7 9
 7 9
 7 9
 7 9
 7 9
 2 2
 2 2
 2 2
 2 2
 2 2
 2 2
 2 2
 2 2
 2 2
 2 2
 4 5
 4 5
 1 1
 1 1
 1 1
 1 1
 1 1
 1 1
 1 1
 1 1
 1 1
 1 1
 1 1
 1 1
 1 1
 1 1
 1 1
 1 1
 1 1
 1 1
 1 1
 1 1
 1 1
 1 1
 1 1
 1 1
 1 1
 1 1
 1 1
 1 1
 1 1
 1 1
 1 1
 1 1
 1 1
 1 1
 1 1
 1 1
 1 1
 3 4
 3 4
 3 4
 3 4
 3 4
 5 7
 5 7
 5 7
 2 3
 2 3
 2 3
 2 3
 2 3
 2 3
 2 3
 2 3
 0 0
 0 0
 0 0
 0 0
 0 0
 0 0
 0 0
 0 0
 0 0
 0 0
 0 0
 0 0
 0 0
 0 0
 0 0
 0 0
 1 5
 0 0
 0 0
 0 0
 0 0
 0 0
 27 27
 12 12
 8 8
 1 1
 1 1
 1 1
 0 0
 0 0
 0 0
 0 0
 0 0
 0 0
 0 0
 0 0
 0 0
 0 0
 0 0
 0 0
 0 0
 1 8
 0 0
 4 4
 5 6
 2 2
 2 2
 2 2
 2 2
 4 5
 4 5
 1 1
 1 1
 1 1
 1 1
 3 4
 3 4
 2 3
 2 3
 0 0
 0 0
 0 0
 0 0
 0 0
 0 0
 0 0
 0 0
 0 0
 0 0
 0 0
 0 0
 0 0
 0 0
 0 0
 0 0
 0 0
 0 0
 0 0
 0 0
 0 0
 0 0
 0 0
 0 0
 0 0
 1 2
 6 10
 0 1
 0 1
 0 1
 0 1
 0 1
 0 1
 3 7
 0 2
 1 4
 0 0
 0 0
 0 0
 0 0
 2 2
 2 2
 0 0
 1 1
 0 1
 2 2
 1 1
 1 1
 0 0
 0 0
 0 0
 0 0
 4 4
 1 1
 2 2
 5 6
 2 2
 0 0
 1 1
 5 10
 0 0
 10 12
 2 2
 1 1
 0 0
 0 0
 0 0
 0 0
 0 1
 0 2
 0 0
 0 0
 4 4
 1 1
 0 0
 0 0
 0 0
 0 0
 0 0
 1 3
 3 3
 0 0
 0 0
 0 0
 0 0
 1 1
 0 0
 0 0
 1 1
 0 0
 0 1
 3 3
 3 3
 1 1
 1 1
 2 3
 0 0
 0 0
 1 2
 1 2
 2 3
 1 2
 1 2
 0 1
 3 3
 1 1
 0 0
 0 0
 0 0
 0 0
 0 0
 0 1
 0 0
 9 10
 9 10
 2 2
 1 1
 1 1
 0 0
 0 0
 0 0
 0 0
 2 2
 3 4
 0 0
 0 0
 2 4
 4 4
 2 2
 2 2
 2 2
 2 2
 1 1
 1 1
 1 1
 0 0
 0 0
 16 17
 12 13
 4 5
 0 0
 11 11
 7 7
 9 9
 1 1
 0 0
 0 0
 0 0
 0 0
 0 0
 0 0
 0 0
 0 0
 0 0
 0 0
 0 0
 0 1
 2 2
 1 1
 1 1
 1 2
 4 4
 2 2
 2 2
 0 0
 0 2
 5 5
 2 2
 2 2
 2 2
 2 2
 2 2
 1 1
 1 1
 1 1
 1 1
 1 1
 0 0
 0 0
 0 0
 0 0
 1 2
 7 8
 3 3
 3 3
 2 2
 2 2
 0 0
 0 0
 0 0
 0 0
 0 0
 0 0
 0 0
 0 0
 0 0
 0 0
 0 0
 0 0
 0 0
 0 0
 1 3
 0 0
 0 0
 1 2
 0 0
 0 0
 0 0
 0 0
 8 8
 6 6
 5 5
 4 4
 3 3
 1 1
 1 1
 1 1
 1 1
 1 1
 1 1
 1 1
 1 1
 1 1
 1 1
 1 1
 1 1
 0 0
 0 0
 0 0
 0 0
 0 0
 0 0
 0 0
 0 0
 0 0
 0 0
 0 0
 0 0
 0 0
 0 0
 0 0
 0 0
 0 0
 0 0
 0 0
 0 0
 0 0
 0 0
 0 0
 0 0
 1 2
 1 2
 1 2
 0 1
 0 1
 0 1
 1 3
 0 2
 0 0
 0 0
 1 1
 1 1
 1 1
 4 4
 3 3
 2 2
 1 1
 1 1
 2 3
 0 0
 0 0
 0 0
 1 4
 1 2
 0 0
 0 0
 0 0
 0 0
 3 3
 1 1
 2 3
 1 2
 0 0
 7 7
 3 3
 1 1
 1 1
 0 0
 0 0
 0 0
 0 0
 3 3
 0 0
 0 0
 0 0
 0 0
 0 0
 2 2
 2 2
 2 2
 2 2
 2 2
 2 2
 2 2
 2 2
 1 1
 1 1
 1 1
 1 2
 2 5
 2 2
 1 1
 1 1
 0 0
 0 0
 0 0
 0 0
 0 0
 0 0
 0 0
 1 2
 0 0
 1 1
 0 0
 5 6
 3 4
 7 10
 4 6
 0 0
 0 0
 2 4
 0 1
 0 1
 0 1
 0 1
 0 1
 0 1
 0 1
 0 1
 1 3
 1 3
 1 3
 0 2
 0 2
 0 2
 0 2
 0 2
 0 2
 0 2
 1 4
 5 11
 0 3
 0 0
 0 0
 0 0
 0 2
 0 0
 1 3
 4 4
 0 0
 0 0
 8 8
 8 12
 2 2
 0 0
 0 0
 0 0
 0 0
 3 3
 1 1
 0 0
 0 0
 3 5
 1 2
 3 3
 0 0
 0 0
 0 0
 1 1
 5 11
 1 2
 0 0
 7 7
 1 1
 1 1
 0 0
 2 2
 0 0
 0 0
 0 0
 0 0
 0 0
 2 2
 0 0
 3 3
 3 3
 3 3
 1 1
 0 0
 0 0
 0 0
 5 5
 5 5
 7 8
 1 1
 1 1
 0 0
 0 0
 0 0
 0 0
 0 0
 0 0
 0 0
 0 0
 0 0
 0 0
 0 0
 0 0
 0 0
 0 0
 1 2
 0 2
 0 2
 1 4
 0 0
 0 0
 0 0
 0 0
 1 2
 4 4
 0 0
 1 2
 0 1
 0 2
 0 0
 0 0
 1 1
 1 1
 1 1
 0 0
 0 0
 0 0
 3 3
 1 1
 1 1
 0 0
 0 0
 0 0
 0 0
 0 0
 0 0
 0 0
 0 1
 0 0
 0 0
 4 4
 2 2
 0 0
 0 0
 0 0
 5 6
 0 0
 8 9
 0 0
 0 0
 0 0
 0 0
 1 2
 0 0
 0 0
 1 1
 4 7
 2 2
 2 2
 0 0
 0 0
 0 0
 1 1
 6 7
 2 2
 1 1
 0 0
 0 0
 0 0
 0 0
 0 0
 21 21
 26 31
 7 8
 2 2
 4 5
 1 1
 1 1
 3 4
 0 0
 0 0
 0 0
 0 0
 0 0
 0 0
 0 0
 0 0
 0 0
 0 1
 2 2
 0 0
 0 0
 0 0
 2 2
 2 2
 1 1
 0 0
 0 0
 0 1
 19 21
 13 14
 10 11
 10 11
 15 18
 9 10
 9 10
 6 7
 3 3
 3 3
 5 6
 2 2
 2 2
 2 2
 4 5
 1 1
 1 1
 1 1
 1 1
 1 1
 1 1
 1 1
 0 0
 0 0
 0 0
 0 0
 0 0
 0 0
 0 0
 1 2
 13 15
 6 6
 2 2
 1 1
 1 1
 0 0
 3 4
 3 5
 1 1
 10 10
 7 7
 0 1
 1 1
 0 0
 0 0
 0 0
 2 2
 4 5
 0 0
 1 1
 0 0
 0 0
 11 12
 13 15
 3 3
 0 0
 0 0
 0 0
 0 0
 0 0
 0 0
 0 0
 1 1
 0 0
 0 0
 0 0
 0 0
 0 0
 3 3
 2 2
 2 2
 2 2
 1 1
 0 0
 0 0
 0 0
 0 0
 0 0
 0 0
 0 0
 0 0
 0 0
 0 0
 0 0
 0 0
 0 0
 0 0
 0 0
 0 0
 0 2
 0 0
 2 2
 2 2
 1 1
 1 1
 1 1
 1 1
 1 1
 1 1
 1 1
 1 1
 2 3
 0 0
 0 1
 0 1
 2 2
 2 2
 1 1
 0 0
 0 0
 0 0
 0 0
 1 2
 14 14
 5 5
 4 4
 3 3
 1 1
 1 1
 1 1
 0 0
 0 0
 0 0
 0 1
 1 1
 0 0
 0 0
 0 0
 8 8
 1 1
 0 0
 0 0
 1 1
 1 1
 1 1
 1 1
 0 0
 0 0
 3 3
 1 1
 1 1
 1 1
 0 0
 0 0
 1 2
 1 2
 0 0
 0 0
 3 3
 0 0
 2 2
 2 2
 1 1
 1 1
 1 1
 1 1
 0 0
 0 0
 0 0
 0 0
 1 1
 0 0
 12 12
 6 6
 11 13
 4 4
 2 2
 0 0
 7 7
 6 6
 2 2
 2 2
 2 2
 1 1
 1 1
 1 1
 1 1
 3 4
 2 3
 0 0
 0 0
 0 0
 0 0
 0 0
 0 0
 0 0
 0 0
 0 0
 0 0
 0 0
 0 0
 0 0
 0 0
 0 0
 0 0
 0 0
 0 0
 0 0
 0 0
 0 0
 0 0
 1 2
 8 8
 4 4
 4 4
 3 3
 3 3
 2 2
 3 4
 2 3
 2 3
 0 0
 1 2
 0 1
 5 10
 0 0
 0 0
 0 0
 0 0
 4 4
 4 4
 1 1
 0 0
 0 0
 0 0
 0 0
 0 0
 0 0
 0 0
 1 2
 6 6
 5 5
 2 2
 2 2
 0 0
 5 5
 4 4
 4 4
 0 0
 0 0
 0 0
 0 0
 0 0
 0 0
 0 0
 3 3
 1 1
 0 0
 0 0
 1 2
 0 1
 2 19
 0 0
 0 0
 0 0
 10 10
 16 18
 7 7
 3 3
 2 2
 2 2
 1 1
 1 1
 1 1
 0 0
 0 0
 0 1
 0 1
 1 5
 5 5
 1 1
 0 0
 1 1
 0 0
 0 0
 4 4
 2 2
 0 0
 1 2
 1 1
 0 0
 0 0
 2 2
 1 1
 0 0
 0 4
 0 0
 0 0
 0 0
 0 0
 4 5
 1 1
 1 1
 23 23
 9 9
 5 5
 1 1
 1 1
 1 2
 5 5
 3 3
 2 2
 2 3
 0 0
 0 0
 0 0
 0 0
 0 0
 0 0
 0 0
 0 0
 0 0
 0 2
 9 9
 0 0
 0 0
 0 0
 0 0
 0 0
 0 0
 9 9
 2 2
 0 4
 2 2
 1 1
 1 1
 1 1
 0 4
 0 0
 2 2
 2 2
 1 1
 1 1
 1 1
 1 1
 0 0
 0 0
 0 0
 0 0
 0 0
 0 0
 0 0
 0 0
 0 0
 0 0
 0 0
 0 0
 1 2
 0 1
 0 1
 1 3
 5 5
 3 3
 3 3
 1 1
 0 0
 0 0
 0 0
 1 1
 1 1
 1 1
 0 0
 0 0
 0 0
 0 0
 0 0
 0 0
 0 0
 13 13
 12 12
 11 11
 5 5
 5 5
 3 3
 3 3
 3 3
 3 3
 2 2
 2 2
 2 2
 1 1
 1 1
 1 1
 0 0
 0 0
 0 0
 0 0
 0 0
 0 0
 0 0
 0 0
 0 0
 0 0
 0 0
 0 0
 0 0
 0 1
 0 18
 0 0
 0 0
 0 0
 0 0
 0 0
 0 0
 0 0
 0 0
 0 0
 0 0
 0 0
 0 0
 0 0
 0 0
 0 0
 0 0
 0 0
 0 0
 0 0
 0 0
 0 0
 0 0
 0 0
 0 0
 0 0
 0 0
 0 0
 0 0
 0 0
 0 0
 0 0
 0 0
 0 0
 0 0
 0 0
 0 0
 0 0
 0 0
 0 0
 0 0
 0 0
 0 0
 0 0
 0 0
 0 0
 0 0
 0 0
 0 0
 0 0
 0 0
 0 0
 0 0
 0 0
 0 0
 0 0
 0 0
 0 0
 0 0
 0 0
 0 0
 0 0
 0 0
 0 0
 0 0
 0 0
 0 0
 0 0
 0 0
 0 0
 0 0
 0 0
 0 0
 0 0
 0 0
 0 0
 0 0
 0 0
 0 0
 0 0
 0 0
 0 0
 0 0
 0 0
 0 0
 0 0
 0 0
 0 0
 0 0
 0 0
 0 0
 0 0
 0 0
 0 0
 0 0
 0 0
 0 0
 0 0
 0 0
 0 0
 0 0
 165 168
 45 46
 30 30
 14 14
 8 8
 100 133
 5 5
 4 4
 3 3
 3 3
 0 0
 0 0
 0 0
 0 0
 0 0
 0 0
 0 0
 0 0
 0 0
 0 0
 0 0
 0 0
 0 0
 0 0
 0 0
 0 0
 0 0
 0 0
 0 0
 0 0
 0 0
 0 0
 0 0
 0 0
 0 0
 0 0
 0 0
 0 0
 0 0
 0 0
 0 0
 0 0
 0 0
 0 0
 0 0
 0 0
 0 0
 0 0
 0 0
 0 0
 0 0
 0 0
 0 0
 0 0
 0 0
 0 0
 0 0
 0 0
 0 0
 0 0
 0 0
 0 0
 0 0
 0 0
 0 0
 0 0
 0 0
 0 0
 0 0
 0 0
 0 0
 0 0
 0 0
 0 0
 0 0
 0 0
 0 0
 0 0
 0 0
 0 0
 0 0
 0 0
 0 0
 0 0
 0 0
 0 0
 0 0
 0 0
 0 0
 3 5
 1 2
 1 2
 0 1
 0 1
 0 1
 0 1
 0 1
 0 1
 0 1
 0 1
 0 1
 0 1
 0 1
 0 1
 0 1
 0 1
 0 1
 0 1
 0 1
 0 1
 3 3
 5 6
 2 2
 2 2
 2 2
 2 2
 2 2
 2 2
 2 2
 2 2
 0 1
 0 1
 0 1
 2 5
 2 5
 0 2
 1 4
 1 4
 1 5
 3 10
 0 5
 5 16
 0 7
 1 10
 5 27
 2 2
 6 8
 1 1
 1 1
 1 1
 1 1
 1 1
 1 1
 1 1
 1 1
 1 1
 1 1
 1 1
 1 1
 1 1
 1 1
 1 1
 1 1
 1 1
 1 1
 1 1
 1 1
 4 6
 2 3
 2 3
 0 0
 0 0
 0 0
 0 0
 0 0
 0 0
 0 0
 0 0
 0 0
 0 0
 0 0
 0 0
 0 0
 0 0
 0 0
 0 0
 0 0
 0 0
 0 0
 0 0
 0 0
 0 0
 0 0
 0 0
 0 0
 0 0
 0 0
 0 0
 0 0
 0 0
 0 0
 0 0
 0 0
 0 0
 0 0
 0 0
 0 0
 0 0
 0 0
 0 0
 0 0
 0 0
 0 0
 0 0
 0 0
 0 0
 0 0
 0 0
 0 0
 14 14
 11 11
 7 7
 4 4
 3 3
 2 2
 1 1
 1 1
 1 1
 1 1
 1 1
 1 1
 1 1
 1 1
 1 1
 1 1
 1 1
 3 4
 6 9
 2 3
 0 0
 0 0
 0 0
 14 17
 8 9
 3 3
 2 2
 2 2
 4 5
 1 1
 2 3
 1 2
 1 1
 10 10
 7 7
 6 6
 3 3
 1 1
 0 0
 0 0
 0 0
 0 0
 0 0
 0 0
 0 0
 0 0
 1 2
 0 1
 0 0
 1 2
 0 0
 5 5
 4 4
 2 2
 2 2
 0 0
 0 0
 0 0
 0 0
 0 0
 0 0
 3 5
 0 0
 1 1
 0 0
 0 0
 0 0
 0 0
 0 0
 0 0
 1 2
 0 1
 1 1
 1 1
 0 0
 2 2
 1 1
 1 1
 0 0
 0 1
 32 36
 24 27
 22 25
 8 8
 10 11
 7 7
 6 6
 8 9
 7 8
 11 14
 3 3
 5 6
 2 2
 4 5
 18 26
 1 1
 1 1
 1 1
 1 1
 1 1
 1 1
 1 1
 1 1
 1 1
 1 1
 1 1
 1 1
 1 1
 1 1
 1 1
 3 4
 3 4
 3 4
 3 4
 2 3
 2 3
 2 3
 0 0
 0 0
 0 0
 0 0
 0 0
 0 0
 0 0
 0 0
 0 0
 0 0
 0 0
 0 0
 0 0
 0 0
 0 0
 0 0
 0 0
 0 0
 0 0
 0 0
 0 0
 0 0
 0 0
 0 0
 0 0
 0 0
 0 0
 0 0
 0 0
 0 0
 0 0
 0 0
 5 8
 5 8
 3 5
 3 5
 3 5
 1 2
 1 2
 1 2
 1 2
 2 4
 2 4
 0 1
 0 1
 6 11
 0 2
 0 2
 0 2
 5 12
 1 5
 8 8
 3 3
 3 3
 2 2
 2 2
 2 2
 1 1
 1 1
 1 1
 0 0
 0 0
 0 0
 0 0
 0 0
 0 1
 0 1
 1 1
 0 0
 0 0
 0 0
 8 8
 4 4
 3 3
 2 2
 2 2
 1 1
 1 1
 1 1
 0 0
 0 0
 0 0
 0 0
 0 0
 0 0
 0 7
 1 1
 0 0
 11 24
 4 12
 2 9
 0 0
 0 0
 0 0
 0 0
 1 1
 2 2
 1 1
 1 1
 1 1
 0 0
 0 0
 0 0
 0 0
 0 0
 0 0
 0 0
 0 0
 0 0
 1 2
 0 2
 2 2
 2 2
 1 1
 1 1
 1 1
 0 0
 0 0
 0 0
 0 0
 0 0
 0 0
 0 0
 0 0
 0 0
 0 0
 0 0
 0 1
 2 2
 0 0
 0 0
 13 13
 8 8
 5 5
 3 3
 2 2
 2 2
 1 1
 2 3
 0 0
 0 0
 0 0
 1 2
 1 2
 1 2
 1 2
 1 2
 2 2
 2 2
 2 2
 4 5
 1 1
 1 1
 1 1
 0 0
 0 0
 0 0
 3 6
 0 0
 2 2
 2 2
 2 2
 1 1
 1 1
 0 0
 0 0
 0 0
 0 0
 0 0
 1 1
 8 9
 3 4
 3 4
 14 21
 2 3
 0 0
 1 2
 12 12
 11 11
 3 3
 1 1
 0 0
 1 3
 4 4
 3 3
 0 0
 0 0
 0 0
 0 1
 0 3
 17 17
 18 22
 6 6
 6 6
 13 16
 9 11
 9 12
 6 8
 1 1
 1 1
 2 3
 0 0
 0 0
 0 0
 0 0
 0 0
 0 0
 0 0
 0 0
 0 0
 0 0
 5 8
 3 5
 1 2
 0 1
 5 10
 0 2
 1 1
 3 4
 3 4
 3 4
 0 0
 0 0
 0 0
 3 5
 1 2
 2 2
 3 4
 0 0
 0 0
 8 9
 1 1
 0 1
 0 0
 1 1
 0 0
 0 0
 0 0
 0 1
 2 2
 2 2
 1 1
 0 0
 2 2
 0 0
 0 0
 0 0
 0 0
 0 0
 0 0
 0 0
 0 0
 0 0
 0 0
 0 0
 0 0
 0 0
 0 0
 0 0
 1 1
 1 1
 1 1
 1 1
 1 1
 0 0
 0 0
 0 1
 0 0
 0 0
 0 0
 0 0
 1 1
 0 0
 0 0
 2 2
 1 1
 1 1
 0 0
 0 0
 0 1
 0 4
 0 0
 15 15
 16 17
 7 7
 9 10
 6 6
 6 6
 3 3
 3 3
 2 2
 2 2
 2 2
 0 0
 6 14
 0 0
 1 1
 0 0
 0 0
 1 1
 2 3
 0 0
 0 0
 1 2
 0 1
 0 1
 3 3
 2 2
 1 1
 0 0
 0 0
 1 1
 1 1
 0 0
 0 0
 0 0
 0 0
 0 0
 0 0
 0 0
 0 0
 1 1
 1 1
 0 0
 0 0
 2 2
 1 1
 0 0
 1 1
 0 0
 8 8
 6 6
 4 4
 1 1
 1 1
 1 1
 0 0
 0 0
 3 3
 3 4
 1 2
 1 2
 1 3
 1 6
 5 5
 1 1
 6 9
 0 0
 0 0
 0 0
 0 0
 0 0
 27 29
 9 9
 15 17
 6 6
 5 5
 4 4
 3 3
 3 3
 3 3
 3 3
 5 6
 2 2
 2 2
 2 2
 2 2
 4 5
 1 1
 1 1
 1 1
 1 1
 1 1
 1 1
 1 1
 0 0
 0 0
 0 0
 0 0
 0 0
 0 0
 0 0
 0 0
 0 0
 0 0
 0 0
 0 0
 0 0
 0 0
 0 0
 0 0
 0 0
 0 0
 0 0
 0 0
 0 0
 0 0
 0 0
 0 0
 0 0
 0 0
 0 0
 0 0
 0 0
 0 0
 0 0
 0 0
 0 0
 0 0
 0 0
 0 0
 0 0
 0 0
 0 0
 1 2
 0 1
 0 1
 0 1
 0 1
 0 1
 0 2
 8 9
 2 2
 2 2
 1 1
 1 1
 1 1
 1 1
 1 1
 1 1
 1 1
 1 1
 1 1
 1 1
 1 1
 7 10
 2 3
 2 3
 0 0
 0 0
 0 0
 0 0
 0 0
 0 0
 5 8
 1 2
 1 2
 1 2
 1 2
 0 1
 0 1
 3 6
 1 3
 1 3
 0 2
 1 4
 0 0
 11 11
 12 13
 8 8
 2 2
 1 1
 0 0
 0 0
 0 1
 4 17
 0 0
 1 1
 1 1
 4 4
 3 3
 0 0
 6 10
 1 1
 3 6
 0 0
 2 2
 2 2
 3 4
 0 0
 0 0
 0 0
 4 4
 2 2
 1 1
 2 3
 0 0
 5 6
 2 2
 2 2
 3 4
 0 0
 0 0
 7 11
 0 0
 2 2
 2 2
 1 1
 1 1
 0 0
 0 0
 0 0
 7 8
 6 7
 2 2
 1 1
 1 1
 1 1
 1 1
 8 12
 1 2
 1 2
 0 1
 0 1
 0 1
 0 1
 5 15
 20 20
 20 22
 10 11
 5 5
 3 3
 3 3
 3 3
 2 2
 2 2
 1 1
 1 1
 1 1
 1 1
 1 1
 0 0
 0 0
 0 0
 0 0
 0 0
 0 0
 0 0
 0 0
 5 8
 1 2
 1 2
 0 8
 12 12
 11 11
 7 7
 7 8
 4 4
 3 3
 2 2
 2 2
 2 2
 1 1
 1 1
 1 1
 2 3
 0 0
 0 0
 0 0
 0 0
 0 0
 0 0
 0 0
 7 11
 0 1
 0 1
 1 3
 0 2
 0 3
 0 0
 3 3
 0 0
 1 1
 1 1
 1 1
 0 0
 0 0
 0 0
 5 5
 0 0
 15 15
 9 9
 6 6
 8 9
 7 8
 4 4
 4 4
 4 4
 4 4
 3 3
 3 3
 2 2
 2 2
 2 2
 2 2
 2 2
 2 2
 2 2
 2 2
 2 2
 1 1
 1 1
 1 1
 1 1
 1 1
 1 1
 1 1
 1 1
 3 4
 2 3
 0 0
 0 0
 0 0
 0 0
 0 0
 0 0
 0 0
 0 0
 0 0
 0 0
 0 0
 0 0
 0 0
 0 0
 0 0
 0 0
 0 0
 0 0
 0 0
 0 0
 0 0
 0 0
 0 0
 0 0
 0 0
 0 0
 0 0
 0 0
 0 0
 3 5
 1 2
 1 2
 1 2
 1 2
 0 1
 0 1
 0 1
 0 1
 1 3
 0 2
 0 2
 0 2
 0 2
 1 4
 1 6
 1 7
 5 5
 4 4
 5 6
 1 1
 1 1
 0 0
 0 0
 0 0
 0 0
 1 3
 2 2
 1 1
 1 1
 0 0
 0 0
 0 0
 0 0
 1 1
 7 7
 3 3
 0 0
 20 20
 20 20
 13 13
 13 14
 22 27
 7 7
 4 4
 4 4
 4 4
 4 4
 3 3
 3 3
 2 2
 2 2
 2 2
 2 2
 2 2
 2 2
 2 2
 2 2
 1 1
 1 1
 1 1
 1 1
 1 1
 1 1
 1 1
 1 1
 0 0
 0 0
 0 0
 0 0
 0 0
 0 0
 0 0
 0 0
 0 0
 0 0
 0 0
 0 0
 0 0
 0 0
 0 0
 0 0
 0 0
 0 0
 0 0
 0 0
 0 0
 0 0
 0 0
 0 0
 0 0
 0 0
 0 0
 1 2
 1 2
 1 2
 1 2
 1 2
 1 2
 1 2
 1 2
 1 2
 1 2
 0 1
 3 7
 0 0
 0 0
 0 0
 22 23
 16 18
 9 10
 8 9
 8 10
 2 2
 6 8
 3 4
 5 7
 4 6
 2 3
 0 0
 0 0
 0 0
 0 0
 0 0
 0 0
 0 0
 0 0
 0 0
 0 0
 1 2
 1 2
 4 7
 2 4
 2 4
 1 3
 6 12
 0 2
 1 4
 0 0
 0 0
 0 0
 0 0
 0 0
 3 3
 0 0
 0 0
 0 0
 0 0
 1 1
 1 1
 0 0
 0 0
 4 4
 5 6
 2 2
 1 1
 1 1
 1 1
 1 1
 1 1
 1 1
 1 1
 3 4
 2 3
 0 0
 0 0
 0 0
 0 0
 0 0
 0 0
 0 0
 0 0
 0 0
 0 0
 0 0
 0 0
 0 0
 0 0
 0 0
 0 0
 0 0
 0 0
 0 0
 0 0
 0 0
 0 0
 0 0
 0 0
 0 0
 0 0
 0 0
 9 14
 1 3
 1 3
 3 8
 1 6
 2 5
 5 8
 2 2
 2 2
 0 0
 0 0
 0 0
 1 2
 2 2
 1 1
 0 0
 2 2
 1 1
 0 0
 0 0
 0 0
 0 0
 0 0
 0 0
 0 0
 0 0
 0 0
 0 0
 1 2
 7 12
 7 7
 7 7
 5 5
 4 4
 6 7
 2 2
 2 2
 2 2
 2 2
 2 2
 1 1
 1 1
 1 1
 1 1
 1 1
 0 0
 0 0
 0 0
 0 0
 0 0
 0 0
 0 0
 0 0
 0 0
 0 0
 0 0
 0 0
 0 0
 0 0
 0 0
 0 0
 0 0
 0 0
 0 0
 0 0
 0 0
 0 0
 0 0
 0 0
 1 2
 1 2
 0 1
 0 1
 1 3
 0 2
 1 1
 0 0
 1 4
 3 3
 6 6
 2 3
 0 0
 0 0
 7 11
 1 2
 2 4
 2 4
 0 1
 0 1
 0 2
 0 3
 3 9
 1 1
 0 0
 0 0
 0 0
 0 0
 1 1
 0 3
 2 2
 0 0
 1 1
 0 0
 0 0
 7 8
 0 0
 0 0
 1 1
 1 1
 4 6
 0 0
 0 0
 0 0
 0 0
 3 8
 3 3
 1 1
 1 1
 2 3
 0 0
 0 0
 0 0
 0 0
 0 0
 0 0
 1 2
 0 0
 0 0
 0 0
 0 0
 0 0
 1 2
 0 1
 14 14
 9 9
 7 7
 4 4
 2 2
 4 5
 1 1
 1 1
 2 3
 0 0
 0 0
 0 0
 0 0
 0 0
 0 1
 0 0
 0 0
 2 2
 0 0
 0 1
 0 0
 0 0
 2 2
 0 0
 0 0
 0 0
 0 0
 5 6
 1 1
 1 1
 4 4
 3 3
 1 1
 0 0
 0 0
 0 0
 0 0
 0 1
 0 2
 0 0
 5 6
 8 8
 6 6
 2 2
 2 3
 0 0
 0 0
 0 0
 1 2
 2 2
 0 0
 0 0
 2 2
 0 0
 1 1
 0 0
 5 5
 2 2
 1 1
 0 1
 1 1
 0 0
 0 0
 0 0
 0 0
 0 1
 1 1
 1 1
 1 1
 1 1
 1 1
 3 4
 2 3
 0 1
 9 9
 7 7
 2 2
 2 2
 2 2
 2 2
 1 1
 1 1
 1 1
 1 1
 1 1
 1 1
 1 1
 1 1
 1 1
 0 0
 0 0
 0 0
 5 5
 4 4
 1 1
 0 0
 0 0
 0 1
 1 1
 1 1
 0 0
 3 3
 1 1
 0 0
 0 0
 0 0
 0 0
 0 0
 0 0
 1 2
 0 1
 0 2
 0 0
 0 0
 0 0
 1 1
 0 0
 5 5
 4 4
 3 3
 2 2
 4 5
 1 1
 3 4
 0 0
 0 0
 0 0
 0 0
 0 0
 0 0
 3 5
 1 2
 2 4
 1 3
 17 18
 9 9
 7 7
 2 2
 2 2
 2 2
 1 1
 1 1
 1 1
 1 1
 1 1
 2 3
 0 0
 0 0
 0 0
 0 0
 0 0
 0 0
 0 0
 0 0
 0 0
 0 0
 0 0
 2 5
 1 4
 0 3
 1 7
 1 1
 17 17
 5 5
 6 7
 5 6
 2 2
 1 1
 1 1
 0 0
 0 0
 0 0
 0 0
 0 0
 0 0
 0 0
 0 3
 2 7
 1 6
 1 9
 0 0
 0 0
 2 3
 0 0
 0 0
 5 5
 3 3
 3 3
 3 3
 2 2
 2 2
 2 2
 2 2
 2 2
 1 1
 5 7
 0 0
 0 0
 0 0
 0 0
 0 1
 2 2
 2 2
 2 2
 3 3
 2 2
 1 1
 0 0
 0 0
 0 5
 0 0
 3 3
 1 1
 0 0
 0 0
 0 0
 0 0
 0 0
 0 0
 0 0
 0 0
 0 0
 0 0
 0 0
 0 0
 0 0
 0 0
 0 0
 0 0
 0 0
 0 0
 0 0
 0 0
 0 0
 0 0
 0 0
 0 0
 0 0
 0 0
 0 0
 0 0
 0 0
 0 0
 0 0
 0 0
 0 0
 0 0
 0 0
 0 0
 0 0
 0 0
 0 0
 0 0
 0 0
 0 0
 0 0
 0 0
 0 0
 0 0
 0 0
 0 0
 0 0
 0 0
 0 0
 0 0
 0 0
 0 0
 0 0
 0 0
 0 0
 0 0
 0 0
 0 0
 0 0
 0 0
 0 0
 0 0
 0 0
 0 0
 0 0
 0 0
 0 0
 0 0
 0 0
 0 0
 0 0
 0 0
 0 0
 0 0
 0 0
 0 0
 0 0
 0 0
 0 0
 0 0
 0 0
 0 0
 0 0
 0 0
 0 0
 0 0
 0 0
 0 0
 0 0
 0 0
 0 0
 0 0
 0 0
 0 0
 0 0
 0 0
 0 0
 0 0
 59 64
 187 216
 24 25
 16 16
 14 14
 21 23
 11 11
 11 11
 10 10
 7 7
 0 0
 0 0
 0 0
 0 0
 0 0
 0 0
 0 0
 0 0
 0 0
 0 0
 0 0
 0 0
 0 0
 0 0
 0 0
 0 0
 0 0
 0 0
 0 0
 0 0
 0 0
 0 0
 0 0
 0 0
 0 0
 0 0
 0 0
 0 0
 0 0
 0 0
 0 0
 0 0
 0 0
 0 0
 0 0
 0 0
 0 0
 0 0
 0 0
 0 0
 0 0
 0 0
 0 0
 0 0
 0 0
 0 0
 0 0
 0 0
 0 0
 0 0
 0 0
 0 0
 0 0
 0 0
 0 0
 0 0
 0 0
 0 0
 0 0
 0 0
 0 0
 0 0
 0 0
 0 0
 0 0
 0 0
 0 0
 0 0
 0 0
 0 0
 0 0
 0 0
 0 0
 0 0
 0 0
 0 0
 0 0
 0 0
 0 0
 0 0
 0 0
 0 0
 0 0
 0 0
 0 0
 0 0
 0 0
 0 0
 0 0
 0 0
 0 0
 0 0
 0 0
 0 0
 0 0
 0 0
 0 0
 0 0
 0 0
 0 0
 6 6
 5 5
 5 5
 7 8
 12 15
 9 11
 4 4
 4 4
 4 4
 6 7
 0 0
 0 0
 0 0
 0 0
 0 0
 11 17
 9 14
 1 2
 1 2
 1 2
 1 2
 1 2
 1 2
 1 2
 1 2
 0 1
 0 1
 0 1
 0 1
 0 1
 0 1
 0 1
 0 1
 0 1
 0 1
 0 1
 0 1
 0 1
 0 1
 1 3
 1 3
 0 2
 2 6
 1 5
 3 3
 3 3
 3 3
 3 3
 3 3
 5 6
 2 2
 2 2
 2 2
 2 2
 2 2
 2 2
 2 2
 2 2
 2 2
 2 2
 2 2
 2 2
 2 2
 4 5
 1 1
 1 1
 1 1
 1 1
 1 1
 1 1
 1 1
 1 1
 1 1
 1 1
 1 1
 1 1
 1 1
 1 1
 1 1
 1 1
 1 1
 1 1
 1 1
 1 1
 1 1
 1 1
 1 1
 1 1
 1 1
 1 1
 1 1
 1 1
 1 1
 1 1
 1 1
 1 1
 1 1
 1 1
 1 1
 1 1
 5 7
 5 7
 4 6
 2 3
 2 3
 2 3
 0 0
 0 0
 0 0
 0 0
 0 0
 0 0
 0 0
 0 0
 0 0
 1 1
 1 1
 0 0
 4 4
 3 3
 1 1
 1 1
 1 1
 1 1
 1 1
 1 1
 1 1
 0 0
 0 0
 0 0
 0 0
 3 6
 0 0
 1 1
 0 0
 0 0
 2 2
 1 1
 0 0
 0 0
 2 2
 6 7
 0 0
 0 0
 0 0
 0 0
 0 0
 1 1
 0 0
 1 1
 7 7
 5 5
 6 7
 1 1
 1 1
 0 0
 0 0
 5 12
 1 1
 1 1
 0 0
 0 0
 0 0
 0 0
 0 0
 0 0
 0 0
 0 0
 0 0
 2 2
 0 0
 3 3
 2 2
 1 1
 2 3
 0 0
 0 0
 0 0
 7 7
 4 4
 4 4
 4 4
 3 3
 2 2
 1 1
 1 1
 1 1
 1 1
 1 1
 0 0
 0 0
 0 0
 0 0
 0 1
 0 1
 0 0
 0 2
 4 4
 2 2
 1 1
 1 1
 0 0
 0 0
 0 0
 0 0
 4 4
 2 2
 1 1
 0 0
 0 2
 4 4
 1 1
 0 0
 0 0
 0 0
 4 14
 3 3
 2 2
 0 0
 0 0
 0 0
 7 7
 4 6
 1 1
 1 1
 1 1
 1 1
 0 0
 0 0
 1 1
 1 1
 1 1
 0 0
 0 0
 1 2
 0 1
 0 0
 1 1
 1 1
 0 0
 0 0
 0 0
 0 0
 0 0
 0 0
 0 0
 7 8
 3 3
 1 1
 1 1
 1 1
 1 1
 1 1
 1 1
 3 4
 0 0
 0 0
 0 0
 0 0
 0 0
 0 0
 0 0
 0 0
 0 0
 0 0
 0 0
 0 0
 0 0
 0 0
 4 4
 3 3
 1 1
 1 1
 1 1
 0 0
 0 0
 0 0
 0 0
 0 0
 0 0
 0 0
 0 0
 0 0
 0 0
 0 26
 11 12
 10 11
 5 5
 3 3
 5 6
 0 0
 0 0
 0 0
 0 0
 5 5
 2 2
 2 2
 1 1
 2 3
 0 0
 0 0
 0 0
 0 0
 0 0
 0 0
 0 0
 0 0
 0 0
 0 0
 0 0
 0 0
 0 1
 0 1
 0 0
 0 0
 0 0
 1 1
 2 3
 2 3
 0 0
 0 0
 1 2
 0 2
 0 2
 23 24
 7 7
 10 12
 4 4
 3 3
 3 3
 5 6
 2 2
 2 2
 2 2
 2 2
 2 2
 2 2
 4 5
 1 1
 1 1
 1 1
 1 1
 1 1
 1 1
 0 0
 0 0
 0 0
 0 0
 0 0
 0 0
 0 0
 0 0
 0 0
 0 0
 0 0
 0 0
 0 0
 0 0
 0 0
 0 0
 0 0
 0 0
 0 0
 0 0
 0 0
 0 0
 0 0
 1 2
 1 2
 0 1
 1 11
 2 15
 1 1
 2 3
 0 0
 0 0
 2 2
 1 1
 1 1
 1 1
 2 3
 2 3
 0 0
 0 0
 0 0
 5 8
 3 5
 1 3
 9 17
 0 0
 32 33
 22 22
 8 8
 5 5
 5 5
 5 5
 4 4
 4 4
 4 4
 4 4
 4 4
 8 10
 3 3
 3 3
 5 6
 2 2
 2 2
 2 2
 2 2
 2 2
 2 2
 4 5
 1 1
 1 1
 1 1
 1 1
 1 1
 1 1
 1 1
 1 1
 0 0
 0 0
 0 0
 0 0
 4 11
 1 6
 1 14
 2 2
 0 0
 0 0
 5 6
 1 1
 0 0
 0 0
 1 1
 1 1
 0 0
 0 0
 11 11
 3 3
 3 3
 2 2
 3 4
 2 3
 2 3
 2 3
 0 0
 0 0
 0 0
 0 0
 0 0
 0 0
 0 0
 0 0
 0 0
 0 0
 0 0
 0 0
 0 0
 0 0
 0 0
 0 0
 0 0
 1 1
 3 3
 2 2
 2 2
 1 1
 1 1
 0 0
 0 0
 1 1
 0 0
 5 5
 3 4
 2 3
 0 0
 1 1
 0 0
 0 0
 11 11
 7 8
 1 1
 0 0
 5 5
 7 8
 1 1
 1 1
 0 0
 0 0
 0 0
 0 0
 0 0
 0 0
 1 2
 3 6
 5 6
 2 2
 2 3
 0 0
 0 0
 0 0
 0 0
 1 2
 0 1
 1 5
 0 0
 0 0
 0 0
 0 0
 3 3
 2 2
 2 2
 0 0
 0 0
 4 7
 1 1
 1 1
 1 1
 0 1
 0 0
 3 3
 3 3
 3 3
 2 2
 2 2
 1 1
 0 0
 0 0
 0 0
 0 0
 1 1
 1 1
 1 1
 0 0
 0 0
 0 0
 1 1
 0 0
 0 0
 7 7
 3 3
 8 11
 1 1
 1 1
 1 1
 1 1
 0 0
 0 0
 0 0
 0 0
 0 0
 0 0
 0 0
 0 0
 0 0
 0 0
 0 0
 0 1
 0 2
 2 11
 0 0
 0 0
 0 0
 2 2
 1 1
 0 0
 0 0
 1 1
 0 1
 0 0
 1 2
 6 7
 1 1
 1 1
 2 4
 2 2
 1 1
 1 1
 1 1
 0 0
 0 0
 0 0
 0 0
 0 0
 0 0
 0 0
 1 2
 2 4
 0 1
 3 6
 2 5
 3 7
 2 7
 1 6
 1 7
 5 19
 7 7
 4 4
 3 3
 2 2
 2 2
 2 2
 2 2
 4 5
 4 5
 1 1
 1 1
 1 1
 3 4
 0 0
 0 0
 0 0
 0 0
 0 0
 0 0
 0 0
 5 6
 2 3
 1 2
 0 0
 1 1
 15 15
 4 4
 3 3
 1 1
 0 0
 0 0
 0 0
 0 0
 0 0
 0 0
 0 0
 0 0
 0 0
 0 0
 0 0
 0 0
 0 0
 1 2
 0 1
 1 5
 0 0
 0 0
 0 0
 2 2
 0 0
 0 0
 0 0
 29 30
 16 16
 13 13
 11 11
 9 9
 11 12
 6 6
 5 5
 5 5
 4 4
 4 4
 4 4
 3 3
 3 3
 3 3
 3 3
 5 6
 2 2
 2 2
 2 2
 2 2
 1 1
 1 1
 1 1
 1 1
 1 1
 1 1
 1 1
 1 1
 1 1
 1 1
 1 1
 1 1
 1 1
 1 1
 1 1
 1 1
 1 1
 1 1
 3 4
 3 4
 4 6
 2 3
 2 3
 0 0
 0 0
 0 0
 0 0
 0 0
 0 0
 0 0
 0 0
 0 0
 0 0
 0 0
 0 0
 0 0
 0 0
 0 0
 0 0
 0 0
 0 0
 0 0
 0 0
 0 0
 0 0
 0 0
 0 0
 0 0
 0 0
 0 0
 0 0
 0 0
 0 0
 0 0
 0 0
 0 0
 0 0
 0 0
 0 0
 2 4
 8 14
 0 2
 1 4
 0 3
 0 7
 4 16
 0 0
 0 0
 0 0
 0 0
 0 0
 0 0
 0 0
 0 0
 0 0
 0 0
 0 0
 0 0
 0 0
 0 0
 0 0
 0 0
 0 0
 0 0
 0 0
 0 0
 0 0
 0 0
 0 0
 0 0
 0 0
 0 0
 0 0
 0 0
 0 0
 0 0
 0 0
 0 0
 0 0
 0 0
 0 0
 0 0
 0 0
 0 0
 0 0
 0 0
 0 0
 0 0
 0 0
 0 0
 0 0
 0 0
 0 0
 0 0
 0 0
 0 0
 0 0
 0 0
 0 0
 0 0
 0 0
 0 0
 0 0
 0 0
 0 0
 0 0
 0 0
 0 0
 0 0
 0 0
 0 0
 0 0
 0 0
 0 0
 0 0
 0 0
 0 0
 0 0
 0 0
 0 0
 0 0
 0 0
 0 0
 0 0
 0 0
 0 0
 0 0
 0 0
 0 0
 0 0
 0 0
 0 0
 0 0
 0 0
 0 0
 0 0
 0 0
 0 0
 0 0
 0 0
 0 0
 0 0
 0 0
 0 0
 0 0
 0 0
 0 0
 112 112
 107 108
 51 51
 36 37
 22 22
 16 16
 14 14
 18 21
 25 31
 0 0
 0 0
 0 0
 0 0
 0 0
 0 0
 0 0
 0 0
 0 0
 0 0
 0 0
 0 0
 0 0
 0 0
 0 0
 0 0
 0 0
 0 0
 25 39
 3 5
 1 2
 1 2
 4 7
 5 9
 0 1
 0 1
 0 1
 0 1
 0 1
 0 1
 0 1
 0 1
 0 1
 0 1
 0 1
 6 11
 1 3
 0 2
 1 4
 2 7
 7 16
 8 20
 7 7
 6 6
 16 20
 4 4
 10 13
 3 3
 3 3
 3 3
 5 6
 5 6
 2 2
 2 2
 2 2
 2 2
 2 2
 2 2
 2 2
 2 2
 4 5
 1 1
 1 1
 1 1
 1 1
 1 1
 1 1
 1 1
 1 1
 1 1
 1 1
 1 1
 1 1
 1 1
 1 1
 1 1
 1 1
 1 1
 1 1
 1 1
 1 1
 1 1
 1 1
 1 1
 1 1
 1 1
 1 1
 1 1
 1 1
 1 1
 1 1
 1 1
 1 1
 1 1
 1 1
 1 1
 1 1
 1 1
 1 1
 1 1
 1 1
 1 1
 1 1
 1 1
 1 1
 1 1
 1 1
 1 1
 1 1
 1 1
 1 1
 1 1
 1 1
 1 1
 1 1
 1 1
 1 1
 12 18
 2 3
 0 0
 0 0
 0 0
 2 2
 1 1
 0 0
 1 5
 1 1
 1 1
 1 1
 1 1
 0 0
 0 0
 0 0
 0 0
 2 2
 6 9
 0 0
 1 1
 0 0
 1 1
 1 1
 1 1
 1 1
 0 0
 0 0
 0 0
 0 0
 11 17
 3 5
 0 1
 7 25
 2 2
 0 0
 0 0
 1 1
 3 3
 2 2
 2 2
 1 1
 1 1
 1 1
 0 0
 0 0
 0 0
 0 0
 0 0
 0 0
 0 0
 0 0
 0 0
 1 3
 0 0
 0 1
 0 3
 1 2
 1 1
 2 3
 0 0
 0 1
 4 4
 1 1
 1 1
 0 0
 8 8
 5 5
 10 12
 3 3
 3 3
 5 6
 2 2
 4 5
 4 5
 1 1
 0 0
 0 0
 0 0
 0 0
 1 2
 0 1
 1 3
 0 0
 0 0
 0 0
 0 0
 0 0
 0 0
 0 0
 0 1
 0 0
 4 4
 3 3
 1 1
 1 1
 3 4
 1 2
 0 0
 0 0
 0 0
 0 0
 1 1
 1 1
 0 0
 5 5
 3 3
 3 3
 1 1
 1 1
 0 0
 0 0
 0 0
 0 0
 0 0
 0 3
 0 3
 0 3
 0 3
 3 9
 1 7
 0 0
 0 0
 0 0
 1 2
 1 2
 0 1
 0 1
 0 1
 0 1
 0 1
 0 1
 0 1
 1 3
 1 3
 1 3
 1 3
 1 3
 1 3
 1 3
 2 5
 2 5
 2 5
 0 2
 0 2
 0 2
 0 2
 0 2
 0 2
 0 2
 0 2
 0 2
 0 2
 0 2
 0 2
 0 2
 0 2
 0 2
 0 2
 0 2
 0 2
 0 2
 0 2
 0 2
 0 2
 0 2
 0 2
 0 2
 0 2
 0 2
 0 2
 0 2
 0 2
 0 2
 0 2
 0 2
 0 2
 0 2
 0 2
 0 2
 0 2
 0 2
 0 2
 0 2
 0 2
 0 2
 0 2
 0 2
 0 2
 0 2
 0 2
 0 2
 0 2
 1 4
 1 4
 1 4
 1 4
 1 4
 1 4
 1 4
 1 4
 1 4
 2 6
 2 6
 2 6
 2 6
 2 6
 0 3
 0 3
 0 3
 0 3
 6 6
 2 2
 2 2
 0 0
 0 0
 0 0
 0 0
 0 0
 0 0
 0 0
 0 0
 0 0
 0 2
 1 1
 2 2
 0 0
 0 0
 1 1
 0 0
 0 0
 0 0
 0 0
 0 0
 0 0
 0 0
 0 0
 1 1
 0 0
 0 0
 0 0
 0 0
 1 1
 1 1
 1 1
 1 1
 0 0
 8 8
 6 6
 3 3
 2 2
 2 2
 0 0
 0 0
 0 0
 0 0
 0 0
 0 0
 0 0
 1 2
 2 5
 7 14
 0 6
 0 0
 0 1
 0 3
 1 1
 0 0
 0 1
 3 3
 0 0
 5 5
 3 3
 1 1
 1 1
 1 1
 0 0
 6 6
 6 6
 2 2
 2 2
 4 5
 1 1
 1 1
 1 1
 1 1
 1 1
 0 0
 0 0
 0 0
 0 0
 0 0
 0 0
 0 0
 0 0
 0 0
 0 0
 0 0
 0 0
 2 13
 1 1
 0 0
 0 0
 1 1
 1 1
 0 0
 3 3
 0 0
 0 0
 1 1
 6 10
 4 9
 7 8
 1 1
 0 0
 2 2
 0 0
 0 0
 0 0
 0 0
 0 0
 0 0
 1 1
 0 0
 1 1
 0 0
 0 0
 0 0
 0 0
 0 0
 0 0
 0 0
 0 0
 0 0
 0 0
 0 0
 0 0
 0 0
 0 0
 0 0
 0 0
 0 0
 0 0
 0 0
 0 0
 0 0
 0 0
 0 0
 0 0
 0 0
 0 0
 0 0
 0 0
 0 0
 0 0
 0 0
 0 0
 0 0
 0 0
 0 0
 0 0
 0 0
 0 0
 0 0
 0 0
 0 0
 0 0
 3 5
 1 2
 1 2
 1 2
 1 2
 2 4
 0 1
 0 1
 0 1
 0 1
 6 11
 9 16
 1 3
 1 3
 8 15
 0 2
 0 2
 1 4
 8 17
 3 9
 0 4
 17 36
 1 7
 0 6
 3 13
 3 15
 7 27
 88 89
 35 35
 25 25
 38 43
 17 18
 12 12
 12 12
 7 7
 9 10
 6 6
 14 17
 4 4
 4 4
 3 3
 3 3
 3 3
 3 3
 3 3
 3 3
 3 3
 3 3
 3 3
 3 3
 3 3
 3 3
 2 2
 2 2
 2 2
 2 2
 2 2
 2 2
 2 2
 2 2
 2 2
 2 2
 2 2
 2 2
 2 2
 2 2
 2 2
 2 2
 2 2
 2 2
 2 2
 4 5
 1 1
 1 1
 1 1
 1 1
 1 1
 1 1
 1 1
 1 1
 1 1
 1 1
 1 1
 1 1
 1 1
 1 1
 1 1
 1 1
 1 1
 1 1
 1 1
 1 1
 1 1
 1 1
 1 1
 1 1
 1 1
 1 1
 1 1
 1 1
 1 1
 1 1
 1 1
 3 4
 3 4
 7 10
 2 3
 0 0
 0 0
 0 0
 0 0
 0 0
 0 0
 0 0
 0 0
 0 0
 0 0
 2 2
 2 2
 1 1
 2 3
 1 2
 0 2
 0 0
 0 0
 0 0
 11 13
 4 4
 4 5
 8 9
 5 5
 2 2
 1 1
 1 1
 1 1
 1 1
 1 1
 1 1
 0 0
 0 0
 0 0
 0 0
 0 0
 0 0
 1 6
 3 3
 1 1
 0 0
 0 0
 0 0
 0 0
 1 2
 5 5
 2 2
 1 1
 1 1
 0 0
 0 0
 0 0
 0 0
 0 0
 4 4
 4 4
 3 3
 4 5
 1 1
 1 1
 1 1
 1 1
 1 1
 1 1
 0 0
 0 0
 0 0
 0 0
 0 0
 0 0
 0 0
 0 0
 0 0
 0 0
 0 1
 0 1
 5 5
 4 4
 2 2
 0 0
 0 0
 0 0
 0 0
 0 0
 0 0
 0 0
 0 0
 0 0
 0 0
 0 0
 0 0
 0 0
 0 0
 0 0
 0 0
 0 0
 1 2
 0 1
 1 1
 1 1
 1 1
 1 1
 1 1
 1 1
 1 1
 1 1
 0 0
 0 0
 0 0
 6 7
 3 3
 2 2
 4 5
 0 0
 0 1
 4 9
 0 3
 2 11
 0 9
 1 1
 1 1
 0 0
 0 0
 0 0
 0 0
 2 2
 0 0
 3 3
 2 2
 1 1
 1 1
 0 0
 0 3
 1 1
 0 0
 0 0
 0 0
 0 0
 0 0
 0 0
 0 0
 0 0
 3 3
 4 4
 1 1
 1 1
 1 1
 0 0
 0 0
 0 0
 0 0
 1 2
 0 1
 1 2
 3 3
 1 1
 0 0
 0 0
 0 0
 0 0
 0 0
 4 4
 4 4
 3 3
 1 1
 1 1
 0 0
 0 0
 0 0
 0 0
 2 4
 1 4
 1 1
 0 0
 0 0
 3 3
 0 0
 0 1
 4 4
 5 6
 3 4
 2 4
 0 0
 0 0
 1 1
 3 3
 1 1
 0 1
 22 24
 2 2
 2 3
 0 0
 1 2
 1 2
 1 3
 1 6
 1 6
 4 21
 5 5
 1 1
 0 0
 0 0
 0 0
 0 0
 0 0
 0 0
 0 0
 0 0
 1 1
 0 0
 5 6
 1 1
 2 3
 5 5
 2 2
 0 0
 0 0
 0 1
 1 1
 0 0
 0 0
 0 0
 0 0
 0 0
 0 0
 1 2
 0 1
 2 14
 0 0
 0 0
 0 0
 0 0
 0 0
 5 5
 2 2
 3 4
 0 0
 0 1
 0 1
 0 1
 0 1
 0 1
 1 5
 6 6
 3 3
 4 4
 5 5
 3 3
 2 2
 1 1
 0 0
 0 0
 0 0
 1 2
 0 0
 0 0
 0 0
 0 0
 0 0
 12 12
 4 4
 3 3
 2 2
 0 0
 0 0
 1 1
 2 2
 1 1
 1 1
 5 5
 5 5
 4 4
 2 2
 1 1
 1 1
 1 1
 0 0
 0 0
 0 0
 0 0
 0 0
 0 0
 0 0
 0 0
 0 0
 0 0
 0 0
 0 0
 0 0
 3 3
 3 3
 2 2
 1 1
 1 1
 1 1
 0 0
 0 0
 0 0
 0 0
 0 0
 0 0
 0 0
 0 0
 1 2
 0 1
 0 1
 0 1
 7 7
 3 3
 2 2
 2 2
 4 5
 1 1
 1 1
 0 0
 0 0
 4 4
 4 4
 3 3
 2 2
 2 2
 1 1
 1 1
 3 3
 1 1
 0 0
 0 0
 0 0
 0 0
 0 0
 0 0
 0 0
 0 0
 11 11
 10 10
 5 5
 4 4
 4 4
 2 2
 2 2
 1 1
 1 1
 2 3
 0 0
 0 0
 0 0
 0 0
 0 0
 0 0
 3 5
 1 2
 1 2
 1 2
 1 3
 8 8
 3 3
 2 2
 1 1
 1 1
 1 1
 0 0
 0 0
 1 2
 1 2
 2 4
 0 1
 0 0
 3 3
 2 2
 2 2
 3 4
 0 0
 0 0
 0 0
 0 0
 0 0
 0 0
 0 0
 0 0
 0 0
 4 7
 0 6
 42 42
 70 74
 22 22
 12 13
 7 7
 6 6
 6 6
 5 5
 3 3
 3 3
 3 3
 2 2
 4 5
 1 1
 1 1
 1 1
 1 1
 0 0
 0 0
 0 0
 0 0
 0 0
 0 0
 0 0
 0 0
 0 0
 0 0
 0 0
 0 0
 0 0
 0 0
 0 0
 0 0
 0 0
 0 0
 0 0
 0 0
 0 1
 1 3
 0 2
 2 2
 1 1
 2 3
 0 0
 0 0
 0 0
 0 0
 0 0
 0 0
 0 0
 0 0
 0 0
 0 0
 0 0
 0 0
 0 0
 0 0
 0 0
 0 0
 0 0
 0 0
 0 0
 11 11
 3 3
 1 1
 0 5
 4 14
 2 2
 1 1
 3 3
 1 1
 1 1
 1 1
 1 1
 1 1
 1 1
 1 1
 0 0
 1 2
 1 2
 0 0
 2 2
 0 0
 1 1
 0 0
 0 0
 0 0
 2 2
 2 2
 2 2
 2 2
 1 1
 1 1
 1 1
 1 1
 1 1
 3 4
 0 0
 0 0
 1 2
 0 3
 0 4
 0 0
 8 8
 6 6
 6 6
 3 3
 3 3
 2 2
 2 2
 2 2
 1 1
 1 1
 1 1
 1 1
 1 1
 1 1
 1 1
 1 1
 0 0
 0 0
 0 0
 0 0
 0 0
 0 0
 0 0
 0 0
 1 2
 1 2
 1 2
 0 7
 9 9
 3 3
 0 0
 0 0
 0 0
 0 3
 3 3
 2 2
 1 1
 1 1
 2 3
 0 0
 0 0
 0 0
 0 0
 0 0
 0 0
 0 0
 0 0
 0 0
 0 0
 0 0
 20 20
 43 51
 8 8
 4 4
 4 4
 3 3
 3 3
 2 2
 6 8
 1 1
 1 1
 1 1
 0 0
 0 0
 0 0
 0 0
 0 0
 0 0
 0 0
 0 0
 0 0
 0 0
 0 0
 0 0
 0 0
 0 0
 0 0
 0 0
 0 0
 0 0
 0 0
 0 0
 1 2
 1 2
 2 4
 2 4
 0 1
 0 1
 0 1
 1 3
 0 3
 6 15
 0 0
 0 0
 6 6
 0 0
 0 0
 1 1
 1 1
 1 1
 0 0
 0 0
 0 0
 3 10
 0 0
 86 89
 13 15
 4 4
 4 4
 3 3
 26 36
 5 6
 7 9
 2 2
 2 2
 2 2
 4 5
 6 8
 8 11
 1 1
 1 1
 1 1
 1 1
 1 1
 0 0
 0 0
 0 0
 0 0
 0 0
 0 0
 0 0
 0 0
 0 0
 0 0
 0 0
 0 0
 0 0
 0 0
 0 0
 0 0
 0 0
 0 0
 0 0
 0 0
 0 0
 3 5
 3 5
 1 2
 1 2
 1 2
 1 2
 0 1
 1 3
 0 2
 2 6
 2 6
 6 15
 1 17
 7 7
 6 6
 3 3
 2 2
 2 2
 1 1
 2 2
 1 1
 1 1
 1 1
 4 6
 0 0
 0 1
 3 11
 2 2
 0 0
 0 0
 0 0
 0 0
 0 0
 0 0
 0 0
 0 0
 0 0
 0 0
 0 0
 0 0
 0 0
 1 2
 0 1
 0 1
 1 1
 0 0
 0 0
 0 0
 0 0
 12 12
 0 0
 0 0
 0 0
 0 0
 0 0
 0 0
 0 0
 0 0
 0 0
 1 1
 0 0
 0 0
 0 0
 1 2
 0 0
 0 0
 0 0
 4 4
 0 0
 0 0
 0 0
 0 0
 0 0
 0 3
 0 5
 1 1
 0 0
 0 0
 0 0
 3 3
 2 3
 0 0
 0 1
 2 3
 0 0
 0 1
 1 1
 1 1
 1 1
 0 0
 1 1
 1 1
 1 1
 0 1
 0 1
 0 0
 0 0
 2 2
 2 2
 8 9
 6 7
 5 6
 4 5
 1 1
 1 1
 1 1
 3 4
 3 4
 0 0
 0 0
 0 0
 0 0
 0 0
 0 0
 0 0
 0 0
 0 0
 0 0
 0 0
 0 0
 0 0
 0 0
 0 0
 0 0
 0 0
 0 0
 0 0
 1 2
 1 2
 2 4
 1 7
 1 9
 0 0
 2 2
 2 3
 2 3
 0 1
 2 2
 1 1
 0 0
 0 1
 3 3
 1 1
 1 1
 0 2
 0 0
 8 8
 4 4
 3 3
 2 2
 1 1
 1 1
 1 1
 1 1
 1 1
 0 0
 0 0
 0 0
 0 0
 0 0
 0 0
 0 0
 0 0
 0 0
 0 0
 0 0
 0 0
 0 0
 0 0
 0 0
 0 0
 0 0
 0 0
 0 0
 3 5
 1 2
 1 4
 0 15
 2 2
 0 0
 2 4
 0 2
 0 0
 0 0
 3 3
 3 3
 5 6
 2 2
 2 2
 2 2
 2 2
 2 2
 2 2
 2 2
 2 2
 2 2
 1 1
 0 0
 0 0
 0 0
 1 2
 16 17
 5 6
 1 1
 1 2
 1 2
 7 13
 0 0
 3 3
 2 2
 1 1
 1 1
 2 3
 0 0
 0 0
 0 0
 1 3
 0 2
 2 2
 0 0
 0 0
 0 0
 0 0
 0 0
 0 0
 0 0
 1 1
 8 8
 0 0
 0 0
 3 3
 2 2
 2 2
 1 1
 1 1
 1 1
 1 1
 1 1
 1 1
 1 1
 2 3
 0 0
 0 0
 0 0
 48 49
 36 36
 12 12
 10 10
 4 4
 4 4
 3 3
 3 3
 3 3
 3 3
 3 3
 2 2
 2 2
 2 2
 2 2
 2 2
 1 1
 1 1
 1 1
 1 1
 6 9
 2 3
 2 3
 0 0
 0 0
 0 0
 0 0
 0 0
 0 0
 0 0
 0 0
 0 0
 0 0
 0 0
 0 0
 0 0
 0 0
 0 0
 0 0
 0 0
 0 0
 0 0
 0 0
 0 0
 0 0
 0 0
 0 0
 0 0
 0 0
 0 0
 0 0
 0 0
 0 0
 0 0
 0 0
 0 0
 0 0
 0 0
 0 0
 0 0
 0 0
 0 0
 0 0
 0 0
 0 0
 0 0
 1 2
 0 1
 0 1
 0 0
 0 0
 2 2
 1 1
 5 5
 3 3
 2 2
 2 2
 1 1
 2 3
 0 0
 0 0
 0 0
 0 0
 0 0
 0 0
 5 5
 0 0
 0 0
 3 3
 1 2
 2 2
 0 0
 0 0
 11 11
 8 8
 8 8
 7 7
 4 4
 3 3
 0 0
 0 0
 1 2
 6 7
 0 3
 0 0
 0 0
 0 0
 0 0
 0 0
 0 0
 0 0
 0 0
 0 0
 0 0
 0 0
 34 34
 15 15
 13 13
 7 7
 5 5
 5 5
 5 5
 7 8
 4 4
 4 4
 4 4
 4 4
 4 4
 3 3
 3 3
 3 3
 2 2
 2 2
 2 2
 2 2
 2 2
 2 2
 2 2
 2 2
 1 1
 1 1
 1 1
 1 1
 0 0
 1 2
 4 15
 0 0
 0 0
 0 1
 1 1
 0 0
 0 0
 0 0
 0 0
 0 0
 0 0
 0 0
 6 6
 3 3
 2 2
 1 1
 3 4
 0 0
 0 0
 0 0
 0 0
 0 0
 0 0
 0 0
 0 0
 0 0
 0 0
 0 0
 0 0
 0 0
 0 0
 0 0
 0 0
 0 0
 0 0
 0 0
 2 4
 0 1
 3 3
 2 2
 4 5
 1 1
 0 0
 0 0
 0 0
 0 0
 0 0
 0 0
 0 0
 1 2
 4 7
 0 0
 1 1
 0 0
 0 0
 0 0
 1 2
 11 11
 9 9
 9 9
 3 3
 2 2
 2 2
 2 2
 2 2
 2 2
 2 2
 1 1
 1 1
 0 0
 0 0
 0 0
 0 0
 0 0
 0 0
 0 0
 0 0
 0 0
 0 0
 0 0
 0 0
 0 0
 0 0
 0 0
 0 0
 0 0
 0 0
 1 2
 0 1
 3 7
 0 0
 1 1
 0 0
 0 0
 0 0
 0 1
 0 1
 2 2
 1 1
 0 1
 0 1
 0 1
 1 1
 1 1
 2 3
 0 0
 0 0
 0 0
 0 0
 0 0
 1 1
 1 1
 0 0
 0 0
 0 0
 0 2
 1 2
 2 2
 2 2
 2 2
 1 1
 1 1
 0 0
 0 0
 1 2
 1 7
 5 5
 4 4
 4 4
 1 1
 1 1
 1 1
 3 4
 0 0
 1 2
 0 0
 13 13
 3 3
 5 6
 2 2
 2 2
 4 5
 1 1
 3 4
 3 4
 1 2
 1 2
 1 2
 1 3
 0 0
 0 0
 0 0
 2 2
 3 4
 0 0
 0 0
 0 0
 0 0
 0 1
 8 8
 3 3
 1 1
 0 0
 0 0
 0 0
 3 5
 1 2
 1 2
 2 4
 4 4
 2 2
 0 0
 2 2
 9 9
 2 2
 0 0
 7 7
 6 6
 3 3
 2 2
 2 2
 2 2
 4 5
 6 8
 0 0
 0 0
 0 0
 0 0
 0 0
 0 0
 0 0
 0 0
 0 0
 0 0
 0 0
 0 0
 0 0
 0 0
 0 0
 1 2
 3 7
 0 2
 0 3
 0 3
 0 3
 4 13
 0 6
 0 0
 0 0
 0 0
 4 4
 1 1
 1 1
 0 0
 0 0
 0 0
 0 0
 1 1
 0 0
 0 0
 0 0
 2 2
 0 0
 1 1
 0 0
 2 2
 0 0
 0 0
 8 9
 5 5
 2 2
 1 1
 2 3
 0 0
 1 2
 2 6
 0 3
 0 0
 8 8
 8 8
 7 7
 2 2
 1 1
 1 1
 0 0
 0 0
 0 0
 0 0
 1 1
 0 0
 0 0
 0 0
 2 3
 0 0
 0 0
 6 15
 3 3
 1 1
 0 0
 0 0
 0 0
 1 1
 3 3
 2 2
 2 2
 1 1
 0 0
 0 0
 3 3
 0 0
 0 0
 0 0
 4 4
 2 2
 4 5
 0 0
 0 0
 0 0
 0 0
 0 0
 0 0
 0 1
 0 0
 1 1
 0 0
 0 0
 0 0
 0 0
 0 0
 0 0
 0 0
 0 0
 5 5
 2 2
 1 1
 0 0
 0 0
 0 0
 0 0
 0 0
 0 0
 0 0
 0 0
 2 2
 14 28
 1 1
 1 1
 1 1
 0 0
 1 1
 0 0
 0 0
 2 6
 0 0
 6 6
 4 4
 6 7
 2 2
 2 2
 1 1
 3 4
 0 0
 0 0
 0 0
 0 0
 0 0
 0 3
 2 2
 2 2
 0 0
 0 0
 0 0
 0 0
 0 0
 0 0
 0 0
 0 0
 0 0
 0 0
 0 2
 1 4
 3 3
 0 0
 0 0
 0 0
 1 1
 1 1
 0 0
 0 0
 2 2
 2 2
 2 3
 0 0
 0 0
 0 0
 0 0
 0 0
 0 0
 2 2
 1 1
 7 7
 4 4
 0 0
 10 10
 4 4
 3 3
 2 2
 1 1
 1 1
 1 1
 0 0
 0 0
 0 0
 0 0
 0 0
 0 0
 18 19
 2 2
 1 1
 1 1
 0 0
 0 0
 0 0
 0 0
 0 0
 0 0
 0 0
 0 0
 0 0
 0 0
 0 0
 3 3
 3 3
 2 2
 1 1
 1 1
 1 1
 0 0
 0 0
 0 0
 0 0
 0 0
 0 0
 0 0
 0 0
 0 0
 0 0
 0 0
 0 0
 0 0
 0 0
 0 2
 2 2
 1 1
 0 0
 0 1
 10 10
 0 0
 0 0
 2 2
 2 2
 1 1
 1 1
 0 0
 0 0
 1 1
 6 6
 1 1
 0 2
 0 0
 0 0
 0 0
 0 0
 6 6
 1 1
 3 3
 2 2
 1 1
 1 1
 1 1
 0 0
 0 0
 0 0
 0 0
 0 0
 1 5
 3 3
 1 1
 0 0
 0 0
 0 0
 0 0
 12 12
 2 3
 5 18
 1 1
 10 11
 5 5
 4 4
 3 3
 2 2
 2 2
 2 2
 2 2
 2 2
 2 2
 2 2
 1 1
 1 1
 1 1
 1 1
 1 1
 0 0
 0 0
 0 0
 0 0
 0 0
 0 0
 0 0
 0 0
 0 0
 0 0
 0 0
 0 0
 0 0
 2 4
 0 1
 0 1
 0 1
 0 1
 1 3
 1 3
 1 3
 2 5
 0 2
 0 2
 1 4
 0 3
 0 0
 1 1
 0 0
 0 0
 0 0
 0 0
 1 1
 1 1
 3 3
 1 1
 1 1
 1 1
 2 2
 1 1
 2 2
 0 0
 0 0
 0 0
 1 1
 1 1
 1 1
 0 0
 6 8
 0 0
 1 1
 0 0
 1 1
 0 0
 0 0
 3 3
 1 1
 2 3
 2 3
 2 3
 0 0
 0 0
 0 0
 3 3
 0 0
 0 0
 0 0
 0 0
 11 11
 5 5
 3 3
 1 1
 0 0
 0 2
 3 3
 2 2
 1 1
 1 2
 0 0
 0 0
 30 35
 1 1
 5 7
 2 3
 0 0
 0 0
 0 0
 0 0
 0 1
 0 1
 0 1
 2 6
 0 0
 0 4
 3 3
 2 2
 1 1
 0 0
 2 2
 0 0
 3 3
 2 2
 0 0
 0 0
 0 0
 0 0
 0 0
 0 0
 7 7
 7 7
 6 7
 3 3
 2 2
 2 2
 2 2
 2 2
 2 2
 2 2
 4 5
 1 1
 1 1
 1 1
 1 1
 1 1
 1 1
 1 1
 2 3
 0 0
 0 0
 0 0
 0 0
 0 0
 0 0
 0 0
 0 0
 0 0
 0 0
 0 0
 0 0
 0 0
 0 0
 0 0
 0 0
 0 0
 0 0
 0 0
 0 0
 0 0
 0 0
 0 0
 0 0
 0 0
 0 0
 0 0
 0 0
 0 0
 0 0
 0 0
 0 0
 0 0
 1 2
 1 2
 1 2
 0 1
 0 1
 1 3
 0 2
 2 2
 1 4
 1 1
 2 3
 0 0
 1 1
 0 0
 0 0
 0 0
 2 2
 1 1
 2 2
 0 0
 0 1
 0 0
 0 0
 0 0
 0 0
 2 2
 2 2
 0 1
 0 0
 0 0
 0 0
 0 0
 0 1
 0 1
 0 1
 1 1
 0 0
 0 0
 3 3
 3 3
 2 2
 1 1
 1 1
 1 1
 1 1
 0 0
 0 0
 0 0
 0 0
 0 0
 1 2
 0 1
 2 2
 0 0
 9 9
 9 9
 3 3
 0 0
 0 0
 0 0
 0 0
 0 0
 0 0
 0 0
 0 0
 0 0
 0 0
 0 0
 0 0
 0 0
 0 0
 0 0
 1 2
 0 1
 0 3
 24 24
 11 11
 10 10
 3 3
 3 3
 2 2
 2 2
 2 2
 2 2
 1 1
 1 1
 1 1
 1 1
 1 1
 1 1
 3 4
 11 16
 0 0
 0 0
 0 0
 0 0
 0 0
 0 0
 0 0
 0 0
 0 0
 0 0
 0 0
 0 0
 0 0
 0 0
 0 0
 0 0
 0 0
 1 2
 0 1
 0 1
 0 1
 0 0
 0 0
 0 0
 0 0
 0 0
 0 0
 0 0
 0 0
 0 0
 0 0
 0 0
 0 0
 0 0
 0 0
 0 0
 0 0
 0 0
 0 0
 0 0
 0 0
 0 0
 0 0
 0 0
 0 0
 0 0
 0 0
 0 0
 0 0
 0 0
 0 0
 0 0
 0 0
 0 0
 0 0
 0 0
 0 0
 0 0
 0 0
 0 0
 0 0
 0 0
 0 0
 0 0
 0 0
 0 0
 0 0
 0 0
 0 0
 0 0
 0 0
 0 0
 0 0
 0 0
 0 0
 0 0
 0 0
 0 0
 0 0
 0 0
 0 0
 0 0
 0 0
 0 0
 0 0
 0 0
 0 0
 0 0
 0 0
 0 0
 0 0
 0 0
 0 0
 0 0
 0 0
 0 0
 0 0
 0 0
 0 0
 0 0
 0 0
 0 0
 0 0
 0 0
 0 0
 0 0
 0 0
 0 0
 0 0
 0 0
 0 0
 0 0
 0 0
 0 0
 0 0
 0 0
 0 0
 0 0
 0 0
 0 0
 0 0
 0 0
 0 0
 23 25
 18 22
 11 14
 3 3
 2 2
 2 2
 2 2
 1 1
 1 1
 1 1
 0 0
 0 0
 0 0
 0 0
 0 0
 0 0
 0 0
 0 0
 0 0
 0 0
 0 0
 0 0
 0 0
 0 0
 0 0
 0 0
 0 0
 0 0
 0 0
 0 0
 0 0
 0 0
 0 0
 0 0
 0 0
 0 0
 0 0
 0 0
 0 0
 0 0
 0 0
 0 0
 0 0
 0 0
 0 0
 0 0
 0 0
 0 0
 0 0
 0 0
 0 0
 0 0
 0 0
 0 0
 0 0
 0 0
 0 0
 0 0
 0 0
 0 0
 0 0
 0 0
 0 0
 0 0
 0 0
 0 0
 0 0
 0 0
 0 0
 0 0
 0 0
 0 0
 0 0
 0 0
 0 0
 0 0
 0 0
 0 0
 0 0
 0 0
 0 0
 0 0
 0 0
 0 0
 0 0
 0 0
 0 0
 0 0
 0 0
 0 0
 0 0
 0 0
 0 0
 0 0
 0 0
 0 0
 0 0
 0 0
 0 0
 0 0
 0 0
 0 0
 0 0
 0 0
 0 0
 0 0
 1 2
 1 2
 1 2
 1 2
 1 1
 1 1
 1 1
 1 1
 1 1
 1 1
 1 1
 1 1
 1 1
 1 1
 1 2
 1 2
 1 2
 1 2
 1 2
 1 2
 1 2
 1 2
 1 2
 1 2
 1 2
 1 2
 1 2
 1 2
 1 2
 1 2
 2 4
 2 4
 0 1
 0 1
 0 1
 0 1
 0 1
 0 1
 0 1
 0 1
 0 1
 0 1
 0 1
 0 1
 0 1
 0 1
 0 1
 0 1
 0 1
 0 1
 0 1
 0 1
 0 1
 0 1
 0 1
 0 1
 0 1
 0 1
 0 1
 0 1
 0 1
 0 1
 0 1
 3 7
 0 2
 0 2
 0 2
 1 4
 0 3
 0 6
 0 0
 1 1
 1 1
 1 1
 1 1
 1 1
 1 1
 1 1
 1 1
 1 1
 1 1
 1 1
 1 1
 1 1
 1 1
 1 1
 1 1
 1 1
 1 1
 1 1
 1 1
 1 1
 1 1
 1 1
 1 1
 1 1
 1 1
 3 4
 2 3
 2 3
 0 0
 0 0
 0 0
 0 0
 0 0
 0 0
 0 0
 0 0
 0 0
 0 0
 0 0
 0 0
 0 0
 0 0
 0 0
 0 0
 0 0
 0 0
 0 0
 0 0
 0 0
 0 0
 0 0
 0 0
 0 0
 0 0
 0 0
 0 0
 0 0
 0 0
 0 0
 0 0
 0 0
 0 0
 0 0
 0 0
 0 0
 0 0
 0 0
 0 0
 0 0
 0 0
 0 0
 0 0
 1 1
 1 5
 0 0
 0 0
 0 0
 0 0
 0 0
 0 0
 0 0
 0 0
 0 0
 0 0
 0 0
 0 0
 0 0
 0 0
 0 0
 0 0
 0 0
 0 0
 0 0
 0 0
 0 0
 0 0
 0 0
 0 0
 0 0
 0 0
 0 0
 0 0
 0 0
 0 0
 0 0
 0 0
 0 0
 0 0
 0 0
 0 0
 0 0
 0 0
 0 0
 0 0
 0 0
 0 0
 0 0
 0 0
 0 0
 0 0
 0 0
 0 0
 0 0
 0 0
 0 0
 0 0
 0 0
 0 0
 0 0
 0 0
 0 0
 0 0
 0 0
 0 0
 0 0
 0 0
 0 0
 0 0
 0 0
 0 0
 0 0
 0 0
 0 0
 0 0
 0 0
 0 0
 0 0
 0 0
 0 0
 0 0
 0 0
 0 0
 0 0
 0 0
 0 0
 0 0
 0 0
 0 0
 0 0
 0 0
 0 0
 0 0
 0 0
 0 0
 0 0
 1 2
 1 2
 1 2
 1 2
 1 2
 1 2
 0 1
 0 1
 0 1
 25 25
 48 53
 13 13
 10 10
 12 13
 7 7
 6 6
 4 4
 3 3
 2 2
 0 1
 0 1
 0 1
 0 1
 0 1
 0 2
 0 2
 2 10
 2 2
 2 2
 2 2
 2 2
 2 2
 2 2
 4 5
 1 1
 1 1
 1 1
 1 1
 1 1
 1 1
 1 1
 1 1
 1 1
 1 1
 1 1
 1 1
 1 1
 1 1
 1 1
 1 1
 1 1
 1 1
 1 1
 1 1
 1 1
 1 1
 1 1
 5 7
 0 0
 0 0
 0 0
 0 0
 0 0
 0 0
 0 0
 0 0
 0 0
 0 0
 0 0
 0 0
 0 0
 0 0
 0 0
 0 0
 0 0
 0 0
 0 0
 0 0
 0 0
 0 0
 0 0
 0 0
 0 0
 0 0
 0 0
 0 0
 0 0
 0 0
 0 0
 0 0
 0 0
 0 0
 0 0
 0 0
 0 0
 0 0
 0 0
 0 0
 0 0
 0 0
 0 0
 0 0
 0 0
 0 0
 0 0
 0 0
 0 0
 5 5
 4 4
 3 4
 0 0
 0 0
 0 0
 5 5
 3 3
 2 2
 1 1
 0 0
 0 0
 1 4
 3 3
 1 1
 1 1
 1 1
 0 0
 0 0
 0 0
 0 0
 0 0
 0 0
 0 0
 0 0
 1 3
 2 2
 0 0
 0 0
 0 0
 4 4
 1 1
 1 1
 0 1
 3 6
 3 3
 2 2
 1 1
 0 0
 0 0
 0 0
 0 0
 1 3
 0 3
 1 1
 0 0
 2 2
 0 0
 0 0
 3 3
 2 2
 1 1
 0 0
 0 0
 0 0
 0 0
 1 4
 2 2
 1 1
 0 0
 0 0
 0 0
 0 0
 0 0
 0 0
 0 0
 4 4
 2 2
 0 0
 2 2
 1 1
 1 1
 0 0
 0 0
 1 2
 2 2
 2 2
 2 2
 0 0
 2 2
 0 0
 19 20
 11 11
 9 11
 3 3
 3 3
 3 3
 3 3
 3 3
 3 3
 3 3
 2 2
 2 2
 2 2
 2 2
 1 1
 1 1
 1 1
 1 1
 1 1
 1 1
 2 3
 2 3
 0 0
 0 0
 0 0
 0 0
 0 0
 0 3
 1 5
 0 0
 0 0
 0 0
 0 0
 0 0
 0 0
 0 0
 0 0
 4 4
 3 3
 3 3
 0 0
 0 0
 0 0
 2 2
 1 1
 0 1
 5 5
 2 2
 1 1
 1 1
 1 1
 1 1
 1 1
 0 0
 2 4
 3 3
 2 2
 2 2
 0 0
 1 1
 0 0
 0 1
 2 2
 1 1
 8 8
 5 5
 5 6
 1 1
 0 0
 0 0
 0 0
 0 0
 0 1
 0 0
 0 0
 1 1
 0 0
 5 5
 3 3
 2 2
 1 1
 0 0
 4 4
 3 3
 1 1
 1 1
 1 1
 0 0
 0 0
 0 0
 0 0
 0 0
 4 4
 2 2
 1 1
 1 1
 1 1
 0 0
 14 14
 12 12
 15 16
 7 7
 4 4
 2 2
 2 2
 2 2
 2 2
 2 2
 2 2
 1 1
 1 1
 1 1
 1 1
 1 1
 1 1
 2 3
 0 0
 0 0
 0 0
 0 0
 0 0
 0 0
 4 11
 4 4
 0 0
 6 6
 4 4
 3 3
 3 3
 2 2
 2 2
 4 5
 1 1
 0 0
 0 0
 0 0
 0 0
 0 0
 0 0
 0 0
 0 0
 1 2
 0 1
 0 1
 0 2
 1 4
 1 5
 1 1
 0 0
 1 1
 96 96
 53 58
 29 35
 19 22
 27 33
 17 20
 10 11
 6 6
 7 8
 7 8
 4 4
 4 4
 4 4
 5 6
 7 9
 2 2
 3 4
 0 0
 4 7
 0 2
 1 4
 4 11
 3 3
 2 2
 2 2
 1 1
 1 1
 1 1
 1 1
 0 0
 0 0
 0 0
 0 0
 2 8
 1 1
 1 1
 0 0
 0 0
 0 0
 0 0
 1 1
 0 1
 3 3
 2 2
 1 1
 0 0
 0 0
 1 3
 0 0
 0 0
 0 0
 0 0
 0 0
 0 0
 14 14
 6 6
 5 5
 1 1
 2 3
 0 0
 1 2
 8 8
 5 5
 0 0
 0 0
 0 0
 0 0
 0 0
 0 0
 0 1
 2 2
 3 3
 3 3
 2 2
 2 2
 2 2
 2 2
 2 2
 2 2
 2 2
 2 2
 1 1
 1 1
 1 1
 1 1
 1 1
 1 1
 0 0
 0 0
 0 0
 0 0
 0 0
 0 0
 7 8
 0 0
 0 0
 0 0
 1 1
 1 1
 0 0
 1 1
 0 0
 1 1
 9 15
 8 18
 2 2
 6 6
 4 4
 4 4
 4 4
 3 3
 3 3
 2 2
 1 1
 1 1
 1 1
 1 1
 0 0
 1 2
 0 0
 6 6
 4 4
 3 3
 3 3
 2 2
 1 1
 0 0
 0 0
 0 0
 0 0
 1 1
 9 9
 11 12
 7 7
 2 2
 1 1
 2 3
 0 0
 1 2
 1 3
 0 0
 0 0
 0 0
 4 4
 3 3
 5 6
 2 2
 4 5
 4 5
 4 5
 1 1
 0 0
 0 0
 0 0
 0 0
 0 0
 0 0
 0 0
 0 0
 6 6
 1 1
 1 1
 1 1
 2 3
 0 0
 1 2
 0 1
 1 1
 0 0
 0 0
 0 0
 0 0
 0 0
 0 0
 0 0
 4 4
 1 1
 2 3
 0 0
 0 0
 0 0
 0 0
 3 7
 3 3
 3 3
 1 1
 0 0
 0 0
 0 0
 0 0
 0 0
 0 0
 0 0
 0 0
 0 0
 0 0
 3 5
 0 1
 2 3
 3 3
 1 1
 0 0
 1 2
 0 1
 14 14
 9 9
 4 5
 0 0
 0 0
 0 0
 0 0
 0 0
 0 0
 0 2
 0 0
 0 0
 0 0
 0 0
 27 28
 20 21
 27 30
 8 8
 8 9
 3 3
 3 3
 3 3
 2 2
 2 2
 1 1
 1 1
 1 1
 1 1
 1 1
 1 1
 1 1
 1 1
 1 1
 1 1
 3 4
 0 0
 0 0
 0 0
 0 0
 0 0
 0 0
 0 0
 0 0
 0 0
 0 0
 0 0
 0 0
 0 0
 0 0
 0 0
 0 0
 0 0
 0 0
 1 2
 1 2
 1 2
 2 4
 0 1
 0 2
 0 0
 3 3
 1 3
 0 0
 3 3
 2 2
 1 1
 0 0
 0 0
 3 3
 1 9
 1 12
 0 21
 40 41
 18 18
 16 16
 19 20
 12 12
 6 6
 6 6
 6 6
 5 5
 7 8
 12 15
 11 14
 3 3
 3 3
 3 3
 7 9
 2 2
 2 2
 2 2
 2 2
 2 2
 2 2
 2 2
 2 2
 2 2
 2 2
 2 2
 2 2
 2 2
 2 2
 2 2
 4 5
 4 5
 1 1
 1 1
 1 1
 1 1
 1 1
 1 1
 1 1
 1 1
 1 1
 1 1
 8 12
 4 6
 2 3
 0 0
 0 0
 0 0
 0 0
 0 0
 0 0
 0 0
 0 0
 0 0
 0 0
 0 0
 0 0
 0 0
 0 0
 0 0
 0 0
 0 0
 0 0
 0 0
 0 0
 0 0
 0 0
 0 0
 0 0
 0 0
 0 0
 0 0
 0 0
 0 0
 0 0
 0 0
 0 0
 0 0
 0 0
 0 0
 0 0
 0 0
 1 2
 1 2
 1 2
 1 3
 0 3
 2 7
 6 16
 5 6
 4 5
 3 4
 2 3
 1 2
 2 6
 0 0
 0 1
 0 0
 0 0
 5 6
 1 1
 2 3
 0 0
 1 2
 0 1
 0 1
 0 1
 3 6
 1 3
 0 0
 3 5
 1 2
 1 3
 0 0
 0 1
 0 0
 0 0
 0 0
 0 0
 0 0
 0 0
 0 1
 0 1
 0 1
 1 3
 3 3
 2 2
 2 2
 2 2
 1 1
 1 1
 1 1
 1 1
 0 0
 0 0
 0 0
 0 0
 0 0
 1 3
 15 16
 9 9
 9 9
 2 2
 1 1
 3 4
 0 0
 0 0
 0 0
 0 1
 2 2
 1 1
 1 1
 0 0
 0 0
 0 0
 1 2
 0 1
 0 1
 1 3
 2 2
 1 1
 0 0
 2 4
 0 0
 2 2
 1 1
 0 0
 3 3
 3 3
 3 3
 2 2
 2 2
 2 2
 2 2
 1 1
 1 1
 1 1
 1 1
 1 1
 1 1
 0 0
 0 0
 0 0
 0 0
 3 13
 1 1
 0 0
 1 2
 1 1
 1 1
 0 0
 3 4
 0 0
 0 0
 1 1
 1 1
 1 1
 1 1
 1 1
 0 0
 0 0
 0 0
 0 0
 2 2
 0 0
 0 0
 1 1
 2 2
 0 0
 0 0
 0 0
 0 0
 0 0
 0 1
 0 0
 0 0
 2 2
 4 4
 3 3
 2 2
 1 1
 5 6
 2 2
 0 0
 1 1
 0 0
 2 2
 1 1
 1 1
 0 0
 10 10
 6 6
 6 6
 4 4
 3 3
 2 2
 1 1
 1 1
 1 1
 1 1
 1 1
 0 0
 0 0
 0 0
 0 0
 0 0
 0 0
 0 0
 0 0
 0 0
 1 2
 1 2
 1 2
 1 2
 0 1
 1 3
 2 2
 1 1
 9 9
 3 3
 3 3
 2 2
 2 2
 1 1
 1 1
 0 0
 0 0
 0 0
 0 0
 2 2
 0 0
 1 2
 0 1
 6 6
 0 1
 0 9
 0 0
 13 13
 0 0
 1 1
 0 0
 0 0
 0 0
 0 0
 0 0
 9 9
 6 6
 4 4
 4 5
 1 1
 1 1
 1 1
 1 1
 0 0
 0 0
 0 0
 0 0
 0 0
 0 0
 0 0
 0 0
 0 0
 0 0
 0 0
 0 0
 0 0
 0 0
 0 0
 0 0
 0 0
 0 0
 0 0
 0 0
 0 1
 0 1
 0 5
 1 1
 0 0
 0 0
 0 0
 0 0
 0 0
 0 0
 0 0
 0 2
 0 0
 1 1
 0 0
 0 0
 3 3
 2 2
 2 2
 2 2
 2 2
 2 2
 2 2
 1 1
 1 1
 0 0
 5 5
 3 4
 3 4
 0 0
 0 0
 0 0
 1 2
 0 1
 0 1
 0 1
 0 3
 0 4
 1 6
 3 3
 2 2
 1 1
 2 2
 1 1
 0 0
 1 3
 0 2
 5 6
 2 2
 1 1
 2 3
 0 0
 0 0
 1 1
 0 0
 1 1
 0 0
 0 0
 0 0
 2 2
 1 1
 1 1
 0 0
 0 0
 0 0
 0 0
 0 0
 0 0
 0 0
 0 0
 0 0
 0 0
 0 0
 0 0
 0 0
 0 0
 0 0
 0 0
 0 0
 9 10
 1 1
 1 1
 0 0
 0 0
 1 3
 1 3
 1 3
 1 3
 6 12
 0 2
 0 1
 0 0
 3 3
 2 2
 2 2
 2 2
 2 2
 1 1
 1 1
 1 1
 0 1
 1 4
 1 4
 5 5
 4 4
 0 0
 0 0
 0 0
 1 1
 1 1
 1 1
 0 0
 0 0
 10 10
 8 8
 6 6
 4 4
 4 4
 0 0
 0 0
 1 1
 0 0
 3 3
 1 1
 1 1
 3 3
 2 3
 0 0
 0 0
 0 0
 0 0
 0 1
 26 26
 22 22
 17 17
 10 10
 19 22
 9 9
 8 8
 5 5
 5 5
 7 8
 7 8
 3 3
 3 3
 2 2
 0 0
 0 0
 0 0
 0 0
 0 0
 1 2
 0 4
 2 2
 2 2
 2 2
 4 5
 1 1
 3 4
 0 0
 0 0
 0 0
 0 0
 0 0
 0 0
 0 0
 0 0
 0 0
 8 8
 1 1
 2 3
 0 0
 3 3
 1 1
 0 0
 0 0
 0 0
 5 8
 0 0
 3 3
 2 2
 1 1
 1 1
 1 1
 0 0
 0 0
 0 0
 0 0
 0 5
 0 0
 2 2
 7 13
 0 0
 4 4
 1 1
 0 0
 0 0
 0 0
 1 1
 0 0
 2 2
 2 2
 8 8
 6 6
 5 5
 3 3
 1 1
 0 0
 0 0
 0 0
 0 0
 1 2
 1 2
 2 2
 2 2
 0 0
 0 2
 3 3
 7 7
 6 6
 3 3
 3 3
 3 3
 7 9
 2 2
 2 2
 2 2
 4 5
 1 1
 1 1
 1 1
 1 1
 1 1
 1 1
 1 1
 1 1
 0 0
 0 0
 0 0
 0 0
 0 0
 0 0
 0 0
 2 2
 1 1
 1 1
 1 1
 2 3
 0 0
 0 0
 0 0
 0 0
 0 0
 0 0
 0 0
 0 0
 0 0
 0 2
 5 5
 4 4
 2 2
 1 1
 0 0
 0 0
 0 0
 0 0
 0 0
 0 0
 0 0
 0 0
 0 0
 2 5
 0 0
 0 0
 0 0
 6 7
 3 3
 3 3
 3 3
 3 3
 2 2
 2 2
 2 2
 2 2
 2 2
 2 2
 4 5
 1 1
 1 1
 0 0
 0 0
 0 0
 0 0
 1 2
 2 4
 1 11
 1 1
 1 1
 1 1
 1 1
 1 1
 1 1
 1 1
 1 1
 1 1
 1 1
 1 1
 1 1
 1 1
 1 1
 1 1
 1 1
 1 1
 1 1
 1 1
 1 1
 1 1
 1 1
 1 1
 1 1
 1 1
 1 1
 1 1
 1 1
 3 4
 7 10
 4 6
 4 6
 2 3
 2 3
 2 3
 2 3
 2 3
 0 0
 0 0
 0 0
 0 0
 0 0
 0 0
 0 0
 0 0
 0 0
 0 0
 0 0
 0 0
 0 0
 0 0
 0 0
 0 0
 0 0
 0 0
 0 0
 0 0
 0 0
 0 0
 0 0
 0 0
 0 0
 0 0
 0 0
 0 0
 0 0
 0 0
 0 0
 0 0
 0 0
 0 0
 0 0
 0 0
 0 0
 0 0
 0 0
 0 0
 0 0
 0 0
 0 0
 0 0
 0 0
 0 0
 0 0
 0 0
 0 0
 0 0
 0 0
 0 0
 0 0
 0 0
 0 0
 0 0
 0 0
 0 0
 0 0
 0 0
 0 0
 0 0
 0 0
 21 21
 19 20
 23 25
 14 15
 10 10
 9 9
 9 9
 9 9
 12 13
 12 13
 0 0
 0 0
 0 0
 0 0
 0 0
 0 0
 0 0
 0 0
 0 0
 0 0
 0 0
 0 0
 0 0
 0 0
 0 0
 0 0
 0 0
 0 0
 0 0
 0 0
 0 0
 0 0
 0 0
 0 0
 0 0
 0 0
 0 0
 0 0
 0 0
 0 0
 0 0
 0 0
 0 0
 0 0
 0 0
 0 0
 0 0
 0 0
 0 0
 0 0
 0 0
 0 0
 0 0
 0 0
 0 0
 0 0
 0 0
 0 0
 0 0
 0 0
 0 0
 0 0
 0 0
 0 0
 0 0
 0 0
 0 0
 0 0
 0 0
 0 0
 0 0
 0 0
 0 0
 0 0
 0 0
 0 0
 0 0
 0 0
 0 0
 0 0
 0 0
 0 0
 0 0
 0 0
 0 0
 0 0
 0 0
 0 0
 0 0
 0 0
 0 0
 0 0
 0 0
 0 0
 0 0
 0 0
 0 0
 0 0
 0 0
 0 0
 0 0
 0 0
 0 0
 0 0
 0 0
 0 0
 0 0
 0 0
 0 0
 0 0
 8 8
 13 15
 13 15
 7 7
 6 6
 6 6
 6 6
 6 6
 8 9
 8 9
 0 0
 0 0
 0 0
 0 0
 0 0
 0 0
 0 0
 0 0
 0 0
 0 0
 0 0
 0 0
 0 0
 0 0
 0 0
 0 0
 0 0
 0 0
 0 0
 0 0
 0 0
 0 0
 0 0
 0 0
 0 0
 0 0
 0 0
 0 0
 0 0
 0 0
 0 0
 0 0
 0 0
 0 0
 0 0
 0 0
 0 0
 0 0
 0 0
 0 0
 0 0
 0 0
 0 0
 0 0
 0 0
 0 0
 0 0
 0 0
 0 0
 0 0
 0 0
 0 0
 0 0
 0 0
 0 0
 0 0
 0 0
 0 0
 0 0
 0 0
 0 0
 0 0
 0 0
 0 0
 0 0
 0 0
 0 0
 0 0
 0 0
 0 0
 0 0
 0 0
 0 0
 0 0
 0 0
 0 0
 0 0
 0 0
 0 0
 0 0
 0 0
 0 0
 0 0
 0 0
 0 0
 0 0
 0 0
 0 0
 0 0
 0 0
 0 0
 0 0
 0 0
 0 0
 0 0
 0 0
 0 0
 0 0
 0 0
 0 0
 5 5
 5 5
 5 5
 5 5
 9 11
 4 4
 4 4
 4 4
 4 4
 6 7
 0 0
 0 0
 0 0
 0 0
 0 0
 0 0
 0 0
 0 0
 0 0
 0 0
 0 0
 0 0
 0 0
 0 0
 0 0
 0 0
 0 0
 0 0
 0 0
 0 0
 0 0
 0 0
 0 0
 0 0
 0 0
 0 0
 0 0
 5 8
 3 5
 1 2
 1 2
 1 2
 1 2
 1 2
 1 2
 1 2
 1 2
 1 2
 4 7
 2 4
 2 4
 2 4
 0 1
 0 1
 0 1
 0 1
 0 1
 0 1
 0 1
 0 1
 0 1
 0 1
 0 1
 0 1
 0 1
 0 1
 1 3
 1 3
 0 2
 0 2
 1 4
 0 3
 1 5
 0 4
 0 5
 3 3
 3 3
 3 3
 3 3
 3 3
 3 3
 3 3
 3 3
 3 3
 3 3
 3 3
 5 6
 5 6
 7 9
 2 2
 2 2
 2 2
 2 2
 2 2
 2 2
 2 2
 2 2
 2 2
 2 2
 2 2
 2 2
 2 2
 2 2
 2 2
 2 2
 2 2
 2 2
 2 2
 2 2
 2 2
 2 2
 2 2
 2 2
 2 2
 2 2
 2 2
 2 2
 2 2
 2 2
 2 2
 2 2
 1 1
 1 1
 1 1
 1 1
 1 1
 1 1
 1 1
 1 1
 1 1
 1 1
 1 1
 1 1
 1 1
 1 1
 27 29
 17 18
 7 7
 9 10
 6 6
 3 3
 3 3
 3 3
 2 2
 2 2
 1 1
 1 1
 1 1
 2 3
 2 3
 0 0
 0 0
 7 15
 4 14
 1 1
 0 0
 0 0
 0 0
 0 0
 0 0
 1 1
 4 5
 0 0
 0 0
 31 31
 8 10
 2 2
 3 4
 0 0
 0 0
 0 0
 0 0
 1 3
 7 15
 0 7
 0 0
 2 2
 0 0
 1 1
 0 0
 1 1
 2 2
 1 1
 0 0
 0 0
 0 0
 5 6
 1 1
 1 1
 0 0
 0 0
 0 4
 2 2
 2 2
 1 1
 0 0
 0 0
 3 3
 2 2
 1 1
 0 0
 0 0
 0 0
 1 2
 0 0
 1 1
 4 4
 23 23
 16 16
 8 8
 7 7
 6 6
 4 4
 3 3
 3 3
 2 2
 2 2
 2 2
 1 1
 1 1
 2 3
 0 0
 0 0
 0 0
 0 0
 0 0
 0 0
 0 0
 0 0
 0 0
 0 0
 0 0
 0 0
 0 0
 0 0
 0 0
 0 0
 0 0
 2 5
 2 6
 0 0
 0 0
 0 0
 0 0
 0 0
 1 1
 1 1
 0 0
 1 1
 0 0
 3 3
 1 1
 1 1
 0 0
 2 2
 2 2
 1 1
 1 1
 1 1
 1 1
 0 0
 0 0
 18 20
 9 9
 5 5
 2 2
 4 5
 1 1
 1 1
 1 1
 1 1
 1 1
 1 1
 2 3
 2 3
 0 0
 0 0
 0 0
 0 0
 0 0
 0 0
 0 0
 0 0
 0 0
 0 0
 0 0
 0 0
 0 0
 0 0
 0 0
 0 2
 0 4
 3 11
 1 8
 2 2
 1 1
 2 3
 0 0
 2 2
 0 0
 1 1
 0 0
 0 0
 0 0
 1 1
 0 0
 1 2
 4 4
 3 3
 0 0
 0 0
 0 0
 0 0
 0 0
 0 0
 0 2
 0 0
 0 0
 0 0
 4 4
 3 3
 1 1
 0 0
 2 3
 2 4
 3 6
 0 0
 0 0
 0 0
 0 0
 15 15
 9 9
 9 9
 3 3
 2 2
 2 2
 2 2
 1 1
 1 1
 1 1
 1 1
 1 1
 1 1
 1 1
 1 1
 1 1
 0 0
 0 0
 0 0
 0 0
 0 0
 0 0
 0 0
 0 0
 0 0
 0 0
 0 0
 0 0
 0 0
 0 0
 0 0
 0 0
 0 0
 0 0
 0 0
 0 0
 0 0
 0 0
 0 0
 0 0
 0 0
 0 0
 0 0
 0 0
 0 0
 0 0
 0 0
 0 0
 0 0
 0 0
 0 0
 0 0
 2 4
 1 4
 1 4
 0 0
 0 0
 0 0
 0 0
 1 1
 1 1
 1 1
 1 1
 1 1
 1 1
 1 1
 1 1
 1 1
 1 1
 1 1
 1 1
 1 1
 1 1
 1 1
 1 1
 1 1
 1 1
 1 1
 1 1
 1 1
 1 1
 1 1
 1 1
 1 1
 1 1
 1 1
 1 1
 3 4
 7 10
 4 6
 4 6
 2 3
 2 3
 2 3
 2 3
 2 3
 0 0
 0 0
 0 0
 0 0
 0 0
 0 0
 0 0
 0 0
 0 0
 0 0
 0 0
 0 0
 0 0
 0 0
 0 0
 0 0
 0 0
 0 0
 0 0
 0 0
 0 0
 0 0
 0 0
 0 0
 0 0
 0 0
 0 0
 0 0
 0 0
 0 0
 0 0
 0 0
 0 0
 0 0
 0 0
 0 0
 0 0
 0 0
 0 0
 0 0
 0 0
 0 0
 0 0
 0 0
 0 0
 0 0
 0 0
 0 0
 0 0
 0 0
 0 0
 0 0
 0 0
 0 0
 0 0
 0 0
 0 0
 0 0
 0 0
 0 0
 0 0
 0 0
 0 0
 21 21
 19 20
 23 25
 14 15
 10 10
 9 9
 9 9
 9 9
 12 13
 12 13
 0 0
 0 0
 0 0
 0 0
 0 0
 0 0
 0 0
 0 0
 0 0
 0 0
 0 0
 0 0
 0 0
 0 0
 0 0
 0 0
 0 0
 0 0
 0 0
 0 0
 0 0
 0 0
 0 0
 0 0
 0 0
 0 0
 0 0
 0 0
 0 0
 0 0
 0 0
 0 0
 0 0
 0 0
 0 0
 0 0
 0 0
 0 0
 0 0
 0 0
 0 0
 0 0
 0 0
 0 0
 0 0
 0 0
 0 0
 0 0
 0 0
 0 0
 0 0
 0 0
 0 0
 0 0
 0 0
 0 0
 0 0
 0 0
 0 0
 0 0
 0 0
 0 0
 0 0
 0 0
 0 0
 0 0
 0 0
 0 0
 0 0
 0 0
 0 0
 0 0
 0 0
 0 0
 0 0
 0 0
 0 0
 0 0
 0 0
 0 0
 0 0
 0 0
 0 0
 0 0
 0 0
 0 0
 0 0
 0 0
 0 0
 0 0
 0 0
 0 0
 0 0
 0 0
 0 0
 0 0
 0 0
 0 0
 0 0
 0 0
 8 8
 13 15
 13 15
 7 7
 6 6
 6 6
 6 6
 6 6
 8 9
 8 9
 0 0
 0 0
 0 0
 0 0
 0 0
 0 0
 0 0
 0 0
 0 0
 0 0
 0 0
 0 0
 0 0
 0 0
 0 0
 0 0
 0 0
 0 0
 0 0
 0 0
 0 0
 0 0
 0 0
 0 0
 0 0
 0 0
 0 0
 0 0
 0 0
 0 0
 0 0
 0 0
 0 0
 0 0
 0 0
 0 0
 0 0
 0 0
 0 0
 0 0
 0 0
 0 0
 0 0
 0 0
 0 0
 0 0
 0 0
 0 0
 0 0
 0 0
 0 0
 0 0
 0 0
 0 0
 0 0
 0 0
 0 0
 0 0
 0 0
 0 0
 0 0
 0 0
 0 0
 0 0
 0 0
 0 0
 0 0
 0 0
 0 0
 0 0
 0 0
 0 0
 0 0
 0 0
 0 0
 0 0
 0 0
 0 0
 0 0
 0 0
 0 0
 0 0
 0 0
 0 0
 0 0
 0 0
 0 0
 0 0
 0 0
 0 0
 0 0
 0 0
 0 0
 0 0
 0 0
 0 0
 0 0
 0 0
 0 0
 0 0
 5 5
 5 5
 5 5
 5 5
 9 11
 4 4
 4 4
 4 4
 4 4
 6 7
 0 0
 0 0
 0 0
 0 0
 0 0
 0 0
 0 0
 0 0
 0 0
 0 0
 0 0
 0 0
 0 0
 0 0
 0 0
 0 0
 0 0
 0 0
 0 0
 0 0
 0 0
 0 0
 0 0
 0 0
 0 0
 0 0
 0 0
 5 8
 3 5
 1 2
 1 2
 1 2
 1 2
 1 2
 1 2
 1 2
 1 2
 1 2
 4 7
 2 4
 2 4
 2 4
 0 1
 0 1
 0 1
 0 1
 0 1
 0 1
 0 1
 0 1
 0 1
 0 1
 0 1
 0 1
 0 1
 0 1
 1 3
 1 3
 0 2
 0 2
 1 4
 0 3
 1 5
 0 4
 0 5
 3 3
 3 3
 3 3
 3 3
 3 3
 3 3
 3 3
 3 3
 3 3
 3 3
 3 3
 5 6
 5 6
 7 9
 2 2
 2 2
 2 2
 2 2
 2 2
 2 2
 2 2
 2 2
 2 2
 2 2
 2 2
 2 2
 2 2
 2 2
 2 2
 2 2
 2 2
 2 2
 2 2
 2 2
 2 2
 2 2
 2 2
 2 2
 2 2
 2 2
 2 2
 2 2
 2 2
 2 2
 2 2
 2 2
 1 1
 1 1
 1 1
 1 1
 1 1
 1 1
 1 1
 1 1
 1 1
 1 1
 1 1
 1 1
 1 1
 1 1
 1 1
 0 0
 1 2
 2 6
 3 3
 2 2
 0 0
 0 0
 3 3
 2 2
 2 2
 0 0
 0 0
 0 0
 0 0
 0 0
 0 0
 0 0
 0 0
 0 0
 0 0
 0 0
 0 0
 0 0
 0 0
 0 0
 0 0
 0 0
 0 0
 0 0
 0 0
 0 0
 0 0
 0 0
 0 0
 0 0
 0 0
 0 0
 0 0
 0 0
 0 0
 0 0
 0 0
 0 0
 0 0
 0 0
 0 0
 3 5
 1 2
 1 2
 2 4
 0 1
 0 1
 0 1
 0 1
 0 1
 0 1
 6 11
 1 3
 0 2
 3 3
 0 0
 1 3
 0 2
 2 8
 0 6
 5 5
 4 4
 4 4
 1 1
 0 0
 0 0
 0 0
 0 0
 1 1
 0 0
 5 7
 0 0
 0 0
 0 0
 0 0
 1 1
 0 0
 0 0
 0 0
 0 0
 1 2
 0 7
 1 1
 0 0
 0 0
 0 0
 0 0
 1 1
 0 0
 0 0
 0 0
 0 0
 25 26
 13 13
 8 8
 5 5
 4 4
 3 3
 2 2
 2 2
 1 1
 1 1
 1 1
 1 1
 1 1
 1 1
 3 4
 4 6
 2 3
 0 0
 0 0
 0 0
 0 0
 0 0
 0 0
 0 0
 0 0
 0 0
 1 2
 1 2
 0 0
 4 4
 2 2
 0 0
 0 0
 0 0
 0 0
 0 0
 9 9
 8 8
 4 4
 4 4
 3 3
 1 1
 7 7
 6 7
 3 3
 1 1
 0 0
 0 0
 0 0
 0 0
 0 0
 0 0
 0 0
 0 0
 0 0
 0 0
 0 0
 0 0
 0 0
 0 0
 1 2
 1 2
 1 3
 1 3
 0 4
 12 14
 6 6
 7 8
 3 4
 1 2
 0 1
 3 10
 1 11
 8 8
 5 5
 3 3
 2 2
 1 1
 1 1
 1 1
 1 1
 0 0
 0 0
 0 0
 0 1
 0 4
 0 19
 0 0
 3 3
 0 0
 0 0
 0 0
 0 0
 2 6
 2 6
 2 7
 0 4
 2 8
 2 8
 2 9
 0 6
 7 21
 1 9
 6 25
 65 65
 38 41
 29 31
 15 16
 20 23
 9 9
 9 9
 10 11
 6 6
 5 5
 5 5
 5 5
 5 5
 4 4
 4 4
 4 4
 3 3
 7 9
 2 2
 2 2
 2 2
 2 2
 2 2
 2 2
 2 2
 2 2
 2 2
 2 2
 2 2
 1 1
 1 1
 1 1
 1 1
 1 1
 1 1
 1 1
 1 1
 1 1
 1 1
 1 1
 1 1
 1 1
 1 1
 1 1
 1 1
 1 1
 1 1
 1 1
 1 1
 3 4
 12 18
 4 6
 2 3
 0 0
 0 0
 0 0
 0 0
 0 0
 0 0
 0 0
 0 0
 0 0
 0 0
 0 0
 0 0
 0 0
 0 0
 0 0
 0 0
 0 0
 0 0
 1 2
 1 2
 1 2
 1 2
 0 1
 0 1
 0 1
 0 1
 0 1
 0 1
 0 1
 0 1
 2 5
 5 10
 3 7
 0 2
 0 2
 0 2
 0 2
 10 10
 10 11
 4 4
 4 4
 5 6
 5 6
 2 2
 2 2
 2 2
 2 2
 1 1
 1 1
 1 1
 1 1
 1 1
 1 1
 1 1
 1 1
 1 1
 1 1
 1 1
 1 1
 1 1
 1 1
 1 1
 1 1
 1 1
 1 1
 1 1
 1 1
 1 1
 1 1
 1 1
 1 1
 1 1
 0 0
 0 0
 0 0
 0 0
 0 0
 0 0
 0 0
 0 0
 0 0
 0 0
 0 0
 0 0
 0 0
 0 0
 0 0
 0 0
 0 0
 0 0
 0 0
 0 0
 0 0
 0 0
 0 0
 0 0
 0 0
 0 0
 0 0
 0 0
 3 5
 1 2
 1 2
 2 4
 1 3
 1 3
 1 4
 1 5
 2 7
 2 7
 2 7
 3 9
 1 15
 0 0
 0 0
 1 1
 1 1
 1 1
 0 0
 0 0
 0 0
 0 0
 0 0
 0 0
 0 0
 0 0
 0 0
 0 0
 0 0
 0 2
 1 1
 1 1
 0 0
 0 0
 0 1
 1 1
 0 0
 0 0
 3 3
 0 0
 0 0
 0 0
 9 9
 1 1
 0 0
 1 12
 1 1
 0 0
 1 1
 8 8
 5 5
 4 4
 10 13
 2 2
 2 2
 2 2
 2 2
 4 5
 6 8
 1 1
 1 1
 1 1
 1 1
 3 4
 0 0
 0 0
 0 0
 0 0
 0 0
 0 0
 1 3
 1 3
 1 3
 0 2
 0 1
 0 0
 3 3
 2 2
 2 2
 1 1
 0 0
 3 3
 0 0
 0 0
 2 2
 1 1
 0 0
 0 0
 0 0
 17 17
 4 5
 1 1
 0 0
 0 0
 0 0
 0 0
 0 0
 1 1
 0 0
 0 1
 0 0
 128 130
 97 100
 82 84
 36 38
 37 40
 22 23
 20 21
 17 18
 23 26
 10 11
 10 11
 6 6
 6 6
 5 5
 5 5
 4 4
 4 4
 6 7
 3 3
 3 3
 3 3
 3 3
 5 6
 2 2
 2 2
 2 2
 2 2
 1 1
 1 1
 1 1
 1 1
 1 1
 1 1
 3 4
 3 4
 3 4
 5 7
 7 10
 2 3
 0 0
 0 0
 0 0
 0 0
 0 0
 0 0
 0 0
 0 0
 0 0
 0 0
 0 0
 0 0
 0 0
 0 0
 0 0
 0 0
 0 0
 0 0
 0 0
 0 0
 0 0
 0 0
 0 0
 0 0
 0 0
 1 2
 1 2
 1 2
 8 13
 0 1
 0 1
 0 1
 0 1
 2 10
 3 32
 0 0
 0 0
 1 1
 0 0
 0 0
 0 0
 0 0
 38 48
 18 24
 2 2
 2 2
 4 5
 6 8
 12 17
 1 1
 1 1
 3 4
 10 15
 2 3
 0 0
 1 2
 0 1
 3 6
 1 3
 4 10
 1 5
 9 20
 1 9
 2 30
 0 0
 5 5
 3 3
 3 3
 2 2
 1 1
 2 3
 0 0
 0 0
 0 0
 0 10
 0 0
 0 0
 4 5
 1 1
 0 0
 0 0
 0 0
 0 0
 0 0
 1 1
 0 0
 0 0
 12 13
 7 7
 9 10
 5 7
 0 2
 2 10
 3 3
 1 1
 2 3
 0 0
 1 2
 1 2
 18 20
 5 5
 1 1
 1 1
 1 1
 3 4
 12 18
 0 0
 0 0
 1 2
 2 4
 1 3
 3 7
 0 1
 0 0
 0 0
 5 6
 0 0
 5 9
 2 3
 0 0
 0 0
 0 0
 0 0
 0 0
 0 0
 0 0
 0 0
 0 0
 0 0
 0 0
 0 0
 0 0
 0 0
 0 0
 0 0
 0 0
 0 0
 0 0
 0 0
 0 0
 0 0
 0 0
 0 0
 0 0
 0 0
 0 0
 0 0
 0 0
 0 0
 0 0
 0 0
 0 0
 0 0
 0 0
 0 0
 0 0
 0 0
 0 0
 0 0
 0 0
 0 0
 0 0
 0 0
 0 0
 0 0
 0 0
 0 0
 0 0
 0 0
 0 0
 0 0
 0 0
 0 0
 0 0
 0 0
 0 0
 0 0
 0 0
 0 0
 0 0
 0 0
 0 0
 0 0
 0 0
 0 0
 0 0
 0 0
 0 0
 0 0
 0 0
 0 0
 0 0
 0 0
 0 0
 0 0
 0 0
 0 0
 0 0
 0 0
 0 0
 0 0
 0 0
 0 0
 0 0
 0 0
 0 0
 0 0
 0 0
 0 0
 0 0
 0 0
 0 0
 0 0
 0 0
 0 0
 0 0
 0 0
 0 0
 31 33
 28 31
 17 18
 14 15
 8 8
 7 7
 9 10
 6 6
 5 5
 7 8
 0 0
 0 0
 0 0
 0 0
 0 0
 0 0
 0 0
 0 0
 0 0
 0 0
 0 0
 0 0
 0 0
 0 0
 0 0
 0 0
 0 0
 0 0
 0 0
 0 0
 0 0
 0 0
 0 0
 0 0
 0 0
 0 0
 0 0
 0 0
 0 0
 0 0
 0 0
 0 0
 0 0
 0 0
 0 0
 0 0
 0 0
 0 0
 0 0
 0 0
 0 0
 0 0
 0 0
 0 0
 0 0
 0 0
 0 0
 0 0
 0 0
 0 0
 0 0
 0 0
 0 0
 0 0
 0 0
 0 0
 0 0
 0 0
 0 0
 0 0
 0 0
 0 0
 0 0
 0 0
 0 0
 0 0
 0 0
 0 0
 0 0
 0 0
 0 0
 0 0
 0 0
 0 0
 0 0
 0 0
 0 0
 0 0
 0 0
 0 0
 7 11
 5 8
 1 2
 1 2
 1 2
 0 1
 0 1
 0 1
 0 1
 0 1
 0 1
 0 1
 0 1
 0 1
 0 1
 4 4
 4 4
 4 4
 6 7
 3 3
 3 3
 3 3
 3 3
 3 3
 3 3
 0 1
 0 1
 0 1
 0 1
 0 1
 1 3
 0 2
 0 2
 4 9
 3 8
 0 3
 3 10
 0 5
 0 8
 3 3
 3 3
 3 3
 3 3
 3 3
 3 3
 3 3
 5 6
 5 6
 7 9
 2 2
 2 2
 2 2
 2 2
 2 2
 2 2
 2 2
 1 1
 1 1
 1 1
 1 1
 1 1
 1 1
 1 1
 1 1
 1 1
 1 1
 1 1
 1 1
 1 1
 1 1
 1 1
 1 1
 1 1
 1 1
 1 1
 1 1
 1 1
 1 1
 1 1
 1 1
 1 1
 1 1
 1 1
 1 1
 1 1
 1 1
 1 1
 1 1
 1 1
 1 1
 3 4
 3 4
 5 7
 17 25
 2 3
 2 3
 2 3
 2 3
 2 3
 2 3
 2 3
 2 3
 1 1
 1 1
 0 0
 0 0
 0 0
 1 1
 0 0
 8 9
 7 8
 5 6
 2 2
 1 1
 5 7
 2 3
 0 0
 0 0
 0 0
 0 0
 0 0
 1 2
 1 4
 1 4
 1 1
 1 1
 1 1
 0 0
 1 2
 0 2
 0 0
 0 0
 0 0
 2 2
 2 2
 1 1
 0 0
 0 0
 0 0
 0 0
 1 1
 1 1
 1 1
 0 0
 3 10
 1 1
 0 0
 6 6
 2 2
 4 5
 1 1
 3 4
 0 0
 0 0
 0 0
 0 0
 0 0
 0 0
 0 0
 0 0
 0 0
 0 0
 0 0
 0 0
 0 0
 0 0
 1 2
 0 1
 3 3
 4 4
 0 0
 7 7
 5 5
 4 4
 3 3
 3 3
 7 9
 2 2
 6 8
 1 1
 1 1
 3 4
 4 6
 0 0
 0 0
 0 0
 3 5
 1 2
 1 2
 2 2
 0 0
 0 0
 0 0
 1 1
 0 0
 5 5
 3 4
 3 4
 0 0
 0 0
 0 0
 1 2
 0 1
 0 1
 0 1
 0 3
 0 4
 1 6
 0 0
 0 0
 0 0
 0 0
 1 1
 1 1
 2 2
 0 0
 0 0
 9 9
 2 2
 2 2
 1 1
 1 1
 1 1
 0 0
 0 0
 0 0
 0 0
 0 0
 0 0
 0 0
 0 0
 0 0
 0 0
 0 0
 0 0
 0 0
 0 0
 0 0
 0 1
 0 1
 17 18
 6 6
 3 3
 2 2
 1 1
 0 0
 0 0
 0 0
 0 0
 1 2
 6 6
 4 4
 3 3
 1 1
 0 0
 0 0
 0 0
 0 0
 0 0
 0 0
 0 1
 0 3
 0 0
 0 0
 4 4
 3 3
 5 6
 1 1
 1 1
 1 1
 1 1
 1 1
 1 1
 1 1
 0 0
 0 0
 0 0
 4 4
 4 4
 4 4
 2 2
 2 2
 2 2
 1 1
 1 1
 1 1
 1 1
 1 1
 1 1
 1 1
 3 4
 0 0
 0 0
 0 0
 0 0
 0 0
 0 0
 0 0
 1 2
 0 1
 0 1
 1 1
 3 4
 3 3
 0 0
 0 0
 1 1
 1 1
 0 0
 0 0
 0 0
 2 2
 1 1
 1 1
 1 1
 2 2
 1 1
 3 3
 1 1
 0 0
 0 0
 4 4
 3 3
 1 1
 0 1
 8 8
 3 3
 4 4
 2 2
 3 4
 0 1
 0 2
 0 0
 0 0
 0 0
 0 0
 0 0
 1 1
 0 1
 6 6
 3 3
 1 1
 0 0
 1 3
 0 0
 0 0
 0 0
 4 4
 1 1
 0 0
 0 0
 0 0
 0 0
 0 1
 0 1
 0 1
 0 0
 4 5
 4 5
 0 0
 0 0
 0 0
 0 0
 0 0
 0 0
 1 2
 1 1
 3 4
 10 10
 3 3
 3 3
 2 2
 1 1
 1 1
 1 1
 1 1
 0 0
 0 0
 0 0
 0 0
 0 0
 0 0
 0 0
 0 0
 0 0
 0 0
 0 0
 2 2
 1 1
 0 0
 1 2
 1 3
 1 1
 11 11
 4 4
 2 2
 2 2
 1 1
 1 1
 0 0
 1 1
 0 0
 0 0
 0 0
 1 1
 0 0
 2 2
 2 2
 3 3
 2 2
 0 0
 0 0
 2 2
 1 1
 0 0
 40 41
 18 19
 23 26
 7 7
 9 11
 4 4
 4 4
 3 3
 2 2
 2 2
 1 1
 1 1
 1 1
 1 1
 1 1
 1 1
 1 1
 1 1
 1 1
 1 1
 1 1
 1 1
 1 1
 1 1
 1 1
 3 4
 0 0
 0 0
 0 0
 0 0
 0 0
 0 0
 0 0
 0 0
 0 0
 0 0
 0 0
 0 0
 0 0
 0 0
 0 0
 0 0
 0 0
 0 0
 0 0
 0 0
 0 0
 0 0
 0 0
 0 0
 1 2
 1 2
 1 2
 1 2
 0 1
 5 5
 2 2
 2 2
 1 1
 3 4
 2 3
 0 0
 0 0
 1 2
 0 1
 2 2
 0 0
 0 1
 2 2
 1 1
 0 0
 0 0
 1 1
 1 1
 0 0
 0 0
 0 0
 0 0
 0 0
 0 0
 0 0
 0 0
 0 0
 0 0
 0 0
 0 0
 0 0
 0 0
 0 1
 2 2
 0 0
 0 0
 6 6
 4 4
 2 2
 0 0
 0 0
 0 0
 0 0
 0 0
 0 0
 9 9
 7 7
 4 4
 1 1
 1 1
 1 1
 1 1
 0 0
 0 0
 0 0
 0 0
 0 0
 0 0
 0 0
 0 2
 2 2
 0 9
 3 3
 2 2
 2 2
 1 1
 0 0
 0 0
 0 0
 21 22
 20 21
 14 14
 6 6
 4 4
 4 4
 2 2
 1 1
 1 1
 0 0
 0 0
 0 0
 0 0
 0 0
 0 0
 5 6
 1 1
 3 4
 0 0
 0 0
 0 0
 0 0
 0 0
 0 0
 0 0
 3 5
 1 2
 2 4
 0 1
 1 3
 1 3
 4 4
 1 1
 1 1
 1 1
 1 1
 0 0
 0 0
 6 6
 5 5
 2 2
 2 2
 2 2
 4 5
 1 1
 1 1
 1 1
 1 1
 1 1
 2 3
 2 3
 0 0
 0 0
 0 0
 0 0
 0 0
 0 0
 0 0
 0 0
 0 0
 0 0
 0 0
 0 0
 0 0
 0 0
 0 0
 0 0
 0 0
 0 0
 0 0
 0 0
 0 0
 0 0
 0 0
 0 0
 0 0
 0 0
 0 0
 0 0
 0 0
 0 0
 0 0
 0 0
 0 0
 0 0
 0 0
 0 0
 0 0
 0 0
 0 0
 1 2
 1 2
 1 2
 0 1
 0 1
 0 1
 0 2
 0 3
 1 6
 1 7
 3 3
 0 0
 0 0
 1 1
 1 3
 1 3
 0 0
 8 8
 10 11
 8 9
 5 5
 4 4
 3 3
 3 3
 2 2
 1 1
 1 1
 1 1
 1 1
 1 1
 1 1
 1 1
 1 1
 1 1
 1 1
 1 1
 1 1
 1 1
 1 1
 1 1
 1 1
 1 1
 2 3
 2 3
 0 0
 0 0
 0 0
 0 0
 0 0
 0 0
 0 0
 0 0
 0 0
 0 0
 0 0
 0 0
 0 0
 0 0
 0 0
 0 0
 0 0
 0 0
 0 0
 0 0
 0 0
 0 0
 0 0
 2 4
 0 1
 0 1
 3 6
 1 12
 1 24
 1 1
 0 0
 0 0
 0 0
 26 29
 9 9
 7 7
 6 6
 4 4
 3 3
 3 3
 3 3
 3 3
 1 1
 1 1
 0 0
 0 0
 0 0
 0 0
 0 0
 0 0
 0 0
 0 0
 0 0
 0 0
 0 0
 0 0
 0 0
 0 0
 0 0
 0 0
 0 0
 1 2
 0 1
 0 1
 2 3
 0 0
 1 2
 2 2
 2 2
 1 1
 4 4
 5 6
 2 2
 1 1
 1 1
 1 1
 1 1
 1 1
 1 1
 1 1
 3 4
 2 3
 0 0
 0 0
 0 0
 0 0
 0 0
 0 0
 0 0
 0 0
 0 0
 0 0
 0 0
 0 0
 0 0
 0 0
 0 0
 0 0
 0 0
 0 0
 0 0
 0 0
 0 0
 0 0
 0 0
 0 0
 0 0
 0 0
 0 0
 9 14
 1 3
 1 3
 3 8
 1 6
 1 1
 0 0
 0 0
 1 1
 1 1
 1 1
 4 6
 0 0
 0 0
 0 0
 0 2
 0 2
 11 14
 0 1
 0 0
 0 0
 0 0
 2 2
 0 0
 0 0
 3 3
 2 2
 2 2
 1 1
 1 1
 0 0
 0 2
 0 3
 0 0
 0 0
 0 0
 10 11
 2 2
 2 2
 2 2
 4 5
 1 1
 0 0
 0 0
 0 0
 0 0
 0 0
 0 0
 0 0
 0 0
 0 0
 0 0
 0 0
 0 0
 0 0
 0 0
 0 0
 0 0
 0 0
 0 0
 0 0
 0 0
 0 0
 0 0
 0 0
 0 0
 5 8
 1 2
 1 2
 1 2
 1 2
 1 2
 1 2
 0 1
 0 1
 0 1
 0 1
 1 3
 0 2
 10 13
 3 4
 0 0
 0 0
 0 0
 1 1
 0 0
 1 1
 20 21
 13 14
 8 9
 1 1
 1 1
 7 10
 0 0
 0 0
 0 0
 1 5
 0 0
 11 13
 4 4
 3 3
 5 6
 5 6
 5 6
 2 2
 2 2
 2 2
 4 5
 6 8
 1 1
 1 1
 1 1
 1 1
 1 1
 1 1
 3 4
 2 3
 2 3
 0 0
 0 0
 0 0
 0 0
 0 0
 0 0
 0 0
 0 0
 0 0
 0 0
 0 0
 0 0
 0 0
 0 0
 0 0
 0 0
 0 0
 0 0
 0 0
 0 0
 0 0
 0 0
 0 0
 0 0
 0 0
 0 0
 0 0
 0 0
 0 0
 0 0
 0 0
 0 0
 0 0
 0 0
 0 0
 0 0
 0 0
 0 0
 0 0
 0 0
 0 0
 0 0
 0 0
 0 0
 0 0
 0 0
 0 0
 0 0
 0 0
 1 2
 1 2
 1 2
 1 2
 1 2
 0 1
 0 1
 1 4
 1 5
 0 4
 0 4
 2 8
 6 6
 5 5
 5 5
 4 4
 3 3
 2 2
 1 1
 1 1
 1 1
 1 1
 1 1
 1 1
 1 1
 1 1
 2 3
 0 0
 0 0
 0 0
 0 0
 0 0
 0 0
 0 0
 0 0
 0 0
 0 1
 0 1
 0 1
 0 1
 0 1
 1 3
 1 3
 0 3
 0 4
 0 0
 2 2
 2 2
 1 1
 1 1
 1 1
 0 0
 0 0
 0 1
 0 1
 0 1
 1 3
 4 4
 2 2
 1 1
 1 1
 0 0
 0 0
 0 0
 0 0
 1 1
 2 2
 0 0
 0 0
 0 0
 7 7
 3 3
 2 2
 1 1
 1 1
 1 1
 1 1
 0 0
 0 0
 0 0
 0 0
 0 0
 0 0
 0 0
 0 0
 0 0
 0 0
 0 0
 0 0
 0 0
 0 0
 0 0
 0 0
 0 0
 0 0
 0 0
 2 2
 1 1
 0 0
 0 0
 1 1
 0 0
 0 2
 0 0
 0 0
 0 0
 12 13
 10 12
 12 15
 6 7
 8 10
 5 6
 5 6
 1 1
 1 1
 1 1
 1 1
 1 1
 3 4
 3 4
 3 4
 5 7
 5 7
 5 7
 2 3
 2 3
 2 3
 2 3
 2 3
 0 0
 0 0
 0 0
 0 0
 0 0
 0 0
 0 0
 0 0
 0 0
 0 0
 1 2
 1 2
 2 4
 0 1
 0 0
 0 0
 5 6
 1 1
 1 1
 1 1
 1 1
 0 0
 0 0
 0 0
 0 0
 0 0
 3 5
 1 2
 1 2
 2 8
 0 1
 0 0
 0 0
 0 0
 0 0
 0 0
 1 1
 0 0
 0 0
 0 0
 0 0
 0 0
 1 1
 0 0
 0 0
 1 1
 0 1
 0 0
 0 0
 0 0
 1 1
 0 0
 4 4
 4 4
 1 1
 0 0
 0 0
 10 10
 7 7
 7 7
 5 5
 3 3
 1 1
 1 1
 0 0
 0 3
 0 6
 0 0
 0 0
 1 1
 0 0
 0 1
 0 0
 0 0
 3 3
 2 2
 2 2
 1 1
 1 1
 2 4
 0 0
 3 3
 0 0
 0 0
 9 10
 0 0
 10 10
 7 7
 7 7
 5 5
 3 3
 1 1
 1 1
 0 0
 0 3
 0 6
 0 0
 3 3
 0 0
 1 1
 0 0
 0 0
 0 1
 0 4
 1 1
 0 0
 0 0
 2 2
 1 1
 6 6
 2 2
 2 2
 0 0
 0 0
 0 0
 4 4
 1 1
 0 0
 0 0
 6 6
 6 6
 5 5
 2 2
 1 1
 1 1
 0 0
 0 0
 0 0
 0 0
 0 0
 0 0
 0 0
 0 0
 0 0
 0 0
 0 0
 1 2
 1 2
 5 5
 0 0
 0 0
 0 0
 0 0
 0 1
 1 1
 13 13
 5 5
 2 2
 1 1
 1 1
 7 10
 0 0
 2 2
 1 1
 1 1
 0 0
 2 2
 12 14
 5 6
 5 6
 2 2
 1 1
 1 1
 1 1
 1 1
 1 1
 1 1
 1 1
 0 0
 0 0
 0 0
 0 0
 0 0
 0 0
 0 0
 0 0
 0 0
 0 0
 0 0
 3 5
 1 2
 2 4
 0 1
 2 5
 4 10
 6 6
 2 2
 2 2
 3 4
 1 2
 2 2
 2 2
 25 25
 31 35
 16 17
 16 18
 12 14
 6 6
 13 16
 5 5
 4 4
 3 3
 3 3
 3 3
 5 6
 2 2
 2 2
 2 2
 2 2
 2 2
 2 2
 2 2
 2 2
 2 2
 2 2
 2 2
 2 2
 4 5
 1 1
 1 1
 1 1
 1 1
 1 1
 5 7
 2 3
 0 0
 0 0
 0 0
 0 0
 0 0
 2 4
 1 5
 0 15
 0 0
 1 3
 1 3
 2 2
 1 1
 0 0
 4 4
 2 2
 1 1
 1 1
 1 1
 1 1
 0 0
 0 0
 0 0
 4 8
 0 0
 1 1
 0 0
 2 2
 1 1
 0 0
 3 3
 0 0
 1 1
 0 0
 6 6
 6 6
 2 2
 2 2
 0 0
 2 2
 1 1
 1 1
 0 0
 6 6
 6 6
 2 2
 1 1
 1 1
 1 1
 1 1
 1 1
 1 1
 1 1
 0 0
 0 0
 0 0
 0 0
 0 0
 0 0
 0 0
 0 0
 1 2
 0 1
 0 1
 0 1
 0 1
 0 1
 0 1
 4 9
 0 3
 1 5
 1 5
 2 7
 1 6
 0 5
 0 8
 0 0
 0 0
 0 0
 0 0
 0 0
 0 0
 29 29
 28 28
 21 21
 12 12
 14 15
 7 7
 6 6
 8 9
 5 5
 4 4
 6 7
 3 3
 3 3
 3 3
 3 3
 3 3
 3 3
 2 2
 2 2
 2 2
 2 2
 2 2
 2 2
 2 2
 2 2
 2 2
 2 2
 2 2
 2 2
 2 2
 2 2
 2 2
 4 5
 1 1
 1 1
 1 1
 1 1
 1 1
 1 1
 1 1
 1 1
 1 1
 1 1
 1 1
 1 1
 1 1
 1 1
 1 1
 1 1
 0 0
 0 0
 0 0
 0 0
 0 0
 0 0
 0 0
 0 0
 0 0
 5 13
 6 20
 0 0
 0 0
 2 2
 0 0
 0 0
 0 0
 0 0
 0 0
 1 1
 1 1
 0 0
 0 0
 0 0
 0 0
 1 1
 0 0
 3 3
 3 7
 1 1
 0 0
 2 2
 1 1
 20 20
 0 0
 0 0
 0 0
 2 26
 4 33
 3 3
 1 1
 1 1
 0 0
 0 0
 0 0
 0 0
 0 0
 0 0
 0 0
 0 0
 3 3
 3 3
 2 2
 2 2
 4 6
 1 2
 0 3
 3 3
 1 1
 1 1
 0 0
 0 0
 0 0
 0 0
 0 0
 0 0
 0 0
 0 0
 0 0
 0 0
 0 0
 2 2
 1 1
 0 0
 0 2
 0 0
 0 0
 0 0
 1 1
 4 4
 2 2
 0 0
 0 1
 1 1
 3 4
 3 4
 0 0
 0 0
 0 0
 0 0
 3 3
 0 0
 0 0
 0 0
 0 0
 0 0
 0 0
 0 0
 0 0
 0 0
 3 3
 2 2
 2 2
 2 2
 1 1
 1 1
 0 0
 3 5
 1 2
 2 4
 2 4
 0 1
 0 1
 5 11
 2 7
 202 219
 47 51
 29 30
 12 13
 7 7
 5 5
 5 5
 5 5
 7 8
 4 4
 4 4
 4 4
 3 3
 2 2
 2 2
 2 2
 2 2
 1 1
 1 1
 1 1
 1 1
 1 1
 1 1
 1 1
 1 1
 1 1
 0 0
 0 0
 0 0
 0 0
 0 0
 0 0
 0 0
 0 0
 0 0
 0 0
 0 0
 0 0
 0 0
 0 0
 0 0
 0 0
 0 0
 0 0
 0 0
 0 0
 0 0
 0 0
 0 0
 0 0
 0 0
 0 0
 0 0
 0 0
 0 0
 0 0
 0 0
 0 0
 0 0
 0 0
 0 0
 0 0
 0 0
 0 0
 0 0
 0 0
 0 0
 0 0
 0 0
 0 0
 0 0
 0 0
 0 0
 0 0
 0 0
 0 0
 0 0
 0 0
 0 0
 0 0
 0 0
 0 0
 0 0
 0 0
 0 0
 0 0
 0 0
 0 0
 0 0
 0 0
 18 19
 11 11
 10 11
 5 5
 3 3
 2 2
 4 5
 2 3
 0 0
 1 3
 0 0
 14 15
 9 10
 4 5
 1 1
 1 1
 1 1
 1 1
 3 4
 3 4
 3 4
 3 4
 0 0
 0 0
 0 0
 0 0
 0 0
 1 2
 1 2
 2 4
 0 1
 0 1
 0 1
 0 1
 0 1
 0 1
 0 1
 0 1
 0 1
 0 1
 0 1
 0 1
 0 1
 0 1
 0 1
 0 1
 0 1
 0 1
 0 1
 0 1
 0 1
 0 1
 0 1
 0 1
 0 1
 0 1
 0 1
 1 3
 1 3
 0 2
 0 3
 1 5
 0 4
 3 3
 2 2
 2 2
 2 2
 1 1
 0 0
 1 2
 2 6
 1 5
 0 0
 0 0
 0 0
 0 3
 6 6
 3 3
 1 1
 1 1
 1 1
 1 1
 1 1
 0 0
 0 0
 0 0
 0 0
 0 0
 0 0
 0 0
 0 0
 0 0
 0 0
 0 0
 0 0
 1 3
 1 1
 0 0
 5 5
 3 3
 3 3
 0 0
 3 3
 0 0
 1 1
 0 0
 0 0
 0 0
 2 2
 2 2
 4 4
 3 3
 1 1
 1 1
 1 2
 1 4
 15 41
 1 1
 0 0
 0 0
 0 0
 1 2
 18 18
 10 10
 9 10
 4 4
 3 3
 3 3
 1 1
 6 9
 0 0
 0 0
 0 0
 0 0
 0 0
 0 0
 0 4
 2 2
 1 1
 0 0
 1 1
 0 0
 0 0
 0 0
 0 0
 1 1
 0 0
 0 0
 0 1
 0 1
 37 42
 21 25
 12 14
 5 5
 5 6
 1 1
 0 0
 3 5
 13 21
 1 3
 1 4
 2 6
 0 0
 0 0
 0 1
 0 1
 2 2
 1 1
 1 1
 1 1
 1 1
 6 8
 4 6
 0 0
 2 4
 2 4
 1 3
 1 3
 1 3
 1 3
 1 3
 1 3
 1 3
 0 2
 0 3
 9 10
 3 3
 2 2
 1 1
 1 1
 1 1
 1 2
 1 2
 0 1
 1 6
 1 1
 0 0
 0 0
 0 0
 0 0
 0 0
 0 0
 0 0
 0 0
 0 0
 0 0
 0 0
 0 0
 0 0
 0 0
 0 0
 0 0
 0 0
 0 0
 0 0
 0 0
 0 0
 0 0
 0 0
 0 0
 0 0
 0 0
 0 0
 0 0
 0 0
 0 0
 0 0
 0 0
 0 0
 0 0
 0 0
 0 0
 0 0
 0 0
 0 0
 0 0
 0 0
 3 5
 3 5
 3 5
 3 5
 3 5
 1 2
 1 2
 1 2
 1 2
 1 2
 1 2
 1 2
 1 2
 1 2
 1 2
 1 2
 1 2
 1 2
 1 2
 1 2
 1 2
 1 2
 1 2
 1 2
 1 2
 1 2
 1 2
 1 2
 1 2
 1 2
 1 2
 1 2
 1 2
 1 2
 1 2
 1 2
 1 2
 2 4
 2 4
 2 4
 2 4
 2 4
 2 4
 2 4
 2 4
 0 1
 0 1
 0 1
 0 1
 0 1
 0 1
 0 1
 0 1
 0 1
 0 1
 0 1
 0 1
 0 1
 0 1
 0 1
 1 3
 149 155
 80 83
 77 85
 18 19
 29 33
 17 18
 17 18
 17 19
 13 14
 13 14
 1 3
 1 3
 1 3
 1 3
 1 3
 1 3
 1 3
 1 3
 0 2
 0 2
 1 4
 0 3
 11 12
 10 11
 10 11
 10 11
 9 10
 9 10
 6 6
 8 9
 5 5
 7 8
 6 7
 5 6
 5 6
 5 6
 5 6
 7 9
 2 2
 2 2
 2 2
 2 2
 4 5
 4 5
 4 5
 4 5
 4 5
 4 5
 4 5
 4 5
 6 8
 1 1
 1 1
 1 1
 1 1
 1 1
 1 1
 1 1
 1 1
 1 1
 1 1
 1 1
 1 1
 1 1
 3 4
 3 4
 3 4
 3 4
 3 4
 3 4
 3 4
 3 4
 3 4
 2 3
 2 3
 2 3
 2 3
 2 3
 2 3
 2 3
 0 0
 0 0
 0 0
 0 0
 0 0
 0 0
 0 0
 0 0
 0 0
 0 0
 0 0
 0 0
 0 0
 0 0
 0 0
 0 0
 0 0
 0 0
 0 0
 0 0
 0 0
 0 0
 0 0
 0 0
 0 0
 1 1
 0 0
 0 0
 12 12
 5 5
 5 5
 2 2
 1 1
 1 1
 5 7
 7 10
 0 0
 0 0
 0 0
 0 0
 0 0
 0 0
 0 0
 1 2
 5 6
 1 1
 1 1
 1 1
 1 1
 1 1
 1 1
 0 0
 0 0
 3 3
 2 2
 2 2
 1 1
 1 1
 1 1
 0 0
 0 0
 0 0
 0 0
 3 5
 1 2
 1 2
 7 7
 6 6
 1 1
 0 0
 0 0
 1 1
 1 1
 0 1
 0 1
 4 4
 1 1
 2 3
 0 0
 1 1
 0 0
 0 0
 5 5
 1 1
 1 1
 0 0
 0 0
 0 0
 0 0
 0 0
 0 0
 0 0
 0 0
 0 0
 0 0
 0 0
 0 1
 0 1
 0 0
 0 0
 2 2
 1 1
 13 14
 4 4
 4 4
 2 2
 2 2
 1 1
 1 1
 1 1
 0 0
 0 0
 0 0
 2 2
 2 2
 1 1
 0 0
 0 0
 1 1
 2 2
 1 1
 1 1
 0 0
 0 0
 0 0
 1 1
 8 8
 4 4
 4 4
 3 3
 3 3
 3 3
 7 9
 2 2
 2 2
 2 2
 2 2
 2 2
 2 2
 2 2
 2 2
 2 2
 2 2
 1 1
 1 1
 1 1
 1 1
 1 1
 1 1
 1 1
 1 1
 3 4
 0 0
 0 0
 0 0
 0 0
 0 0
 0 0
 0 0
 0 0
 0 0
 0 0
 0 0
 0 0
 0 0
 0 0
 0 0
 0 0
 0 0
 0 0
 0 0
 0 0
 0 0
 0 0
 0 0
 0 0
 0 0
 0 0
 0 0
 1 2
 1 2
 3 6
 1 6
 0 6
 0 11
 0 11
 0 0
 1 2
 0 3
 2 2
 0 0
 0 0
 2 4
 5 5
 4 4
 3 3
 2 2
 1 1
 1 1
 1 1
 1 1
 0 0
 0 0
 0 0
 0 1
 3 3
 1 1
 2 3
 0 0
 0 0
 0 0
 0 0
 0 0
 0 0
 2 2
 0 0
 0 0
 0 0
 3 3
 2 2
 2 2
 1 1
 0 0
 0 0
 0 0
 3 10
 2 2
 1 1
 1 1
 0 0
 0 0
 2 2
 2 2
 5 5
 5 5
 5 5
 1 1
 1 1
 0 0
 0 0
 0 0
 0 0
 0 0
 0 0
 9 11
 1 1
 1 2
 0 1
 0 1
 1 3
 3 3
 8 11
 1 1
 0 0
 0 0
 0 0
 0 0
 0 0
 0 0
 0 0
 1 2
 1 3
 3 15
 1 1
 1 1
 0 0
 0 0
 0 0
 0 0
 0 0
 0 0
 0 0
 2 2
 1 1
 0 0
 0 0
 0 0
 0 0
 0 0
 0 0
 0 0
 0 0
 0 0
 0 0
 0 0
 0 0
 0 0
 4 4
 0 0
 6 7
 1 1
 0 0
 2 2
 0 0
 0 0
 0 0
 0 0
 11 11
 4 4
 4 4
 0 0
 0 0
 0 1
 0 0
 2 2
 2 2
 2 2
 2 2
 1 1
 1 1
 1 1
 1 1
 1 1
 1 1
 1 1
 1 1
 2 3
 0 0
 0 0
 0 0
 0 0
 0 0
 0 0
 0 0
 2 2
 0 0
 0 0
 0 0
 0 0
 0 0
 0 0
 0 0
 0 0
 2 2
 1 1
 1 1
 1 1
 2 3
 2 3
 0 0
 0 0
 0 0
 0 0
 0 0
 1 2
 0 0
 1 1
 0 0
 1 1
 1 1
 0 0
 0 0
 0 0
 0 0
 0 0
 0 0
 0 0
 0 0
 0 0
 0 1
 7 8
 0 0
 0 0
 1 1
 1 1
 0 0
 1 2
 0 0
 2 2
 0 0
 0 0
 0 0
 0 0
 0 0
 0 0
 2 2
 2 3
 0 0
 0 0
 1 1
 1 1
 0 0
 1 2
 9 9
 6 6
 4 4
 5 6
 5 6
 2 2
 2 2
 4 5
 1 1
 0 0
 0 0
 0 0
 0 0
 1 2
 1 2
 1 2
 1 2
 1 2
 0 1
 0 1
 0 1
 0 1
 0 1
 0 1
 0 5
 0 0
 1 1
 0 0
 0 0
 0 1
 1 1
 1 1
 0 0
 0 0
 0 0
 5 6
 1 1
 1 1
 1 4
 2 2
 1 1
 0 0
 4 4
 6 7
 2 2
 1 1
 2 3
 0 0
 0 0
 0 0
 0 0
 1 3
 2 7
 1 1
 2 2
 20 20
 9 9
 7 7
 4 4
 4 4
 8 10
 3 3
 2 2
 2 2
 2 2
 2 2
 4 5
 10 14
 1 1
 1 1
 1 1
 1 1
 1 1
 1 1
 1 1
 1 1
 1 1
 1 1
 1 1
 1 1
 1 1
 1 1
 0 0
 0 0
 0 0
 0 0
 0 0
 0 0
 0 0
 0 0
 0 0
 0 0
 0 0
 0 0
 0 0
 1 2
 1 1
 0 0
 3 3
 7 7
 1 1
 0 0
 0 0
 0 0
 5 5
 1 1
 1 1
 3 3
 3 3
 0 0
 0 0
 3 3
 0 0
 0 0
 1 2
 0 0
 0 0
 0 1
 6 6
 1 1
 1 1
 0 0
 0 0
 0 0
 0 0
 0 0
 0 0
 0 0
 0 0
 0 0
 0 0
 0 0
 0 0
 0 0
 11 11
 8 8
 4 4
 5 6
 1 1
 0 0
 0 0
 0 0
 0 0
 1 2
 2 2
 1 1
 5 5
 2 2
 2 2
 1 1
 0 0
 0 0
 1 1
 2 2
 0 0
 2 6
 1 1
 3 3
 1 1
 0 0
 0 0
 0 0
 0 0
 0 0
 0 0
 1 1
 2 8
 1 1
 0 0
 0 0
 0 0
 15 17
 1 1
 0 0
 0 0
 0 1
 1 1
 0 0
 0 0
 0 3
 6 26
 0 0
 10 12
 3 3
 5 6
 2 2
 1 1
 3 4
 4 6
 0 0
 0 0
 0 0
 0 1
 1 3
 10 11
 0 0
 0 0
 0 0
 8 8
 1 1
 1 5
 0 4
 8 8
 7 7
 5 5
 3 3
 2 2
 2 2
 1 1
 1 1
 1 1
 0 0
 0 0
 0 0
 0 0
 0 0
 0 0
 0 0
 0 0
 0 0
 0 0
 0 0
 0 0
 0 0
 0 0
 0 0
 0 0
 0 0
 0 0
 0 0
 0 0
 0 0
 0 0
 0 0
 0 0
 0 0
 1 3
 4 4
 2 2
 1 1
 1 1
 0 0
 0 0
 0 0
 0 0
 0 0
 3 7
 0 5
 1 8
 1 18
 0 0
 0 0
 0 0
 2 2
 3 3
 3 3
 4 5
 1 1
 1 1
 0 0
 0 0
 0 0
 0 0
 0 0
 0 0
 0 0
 1 2
 0 0
 0 0
 0 0
 0 0
 0 0
 0 0
 0 0
 3 3
 3 3
 0 0
 1 1
 0 0
 1 1
 4 5
 0 0
 0 0
 0 0
 0 0
 0 0
 1 2
 0 1
 4 16
 4 5
 1 1
 0 0
 0 1
 0 1
 4 4
 1 1
 1 1
 1 1
 1 1
 3 4
 0 0
 0 0
 0 0
 0 0
 0 0
 0 0
 0 0
 0 0
 0 0
 0 0
 0 0
 0 0
 0 0
 0 0
 0 0
 0 0
 6 6
 4 4
 5 6
 0 0
 3 4
 3 4
 3 3
 1 1
 1 2
 1 3
 0 0
 0 0
 2 2
 1 1
 0 0
 1 1
 0 0
 0 0
 0 0
 0 0
 1 2
 4 5
 0 0
 0 0
 0 0
 5 5
 4 4
 1 1
 0 0
 0 0
 3 3
 3 3
 2 2
 2 2
 2 2
 4 5
 1 1
 0 0
 0 0
 0 0
 0 0
 0 0
 0 0
 0 0
 0 0
 0 0
 0 1
 0 2
 0 2
 0 5
 0 5
 0 6
 1 1
 1 1
 0 0
 0 0
 0 0
 0 0
 0 0
 1 1
 3 3
 0 0
 0 0
 2 2
 3 3
 2 2
 2 2
 1 1
 1 1
 1 1
 1 1
 1 1
 0 0
 0 0
 0 0
 0 0
 0 0
 0 0
 2 2
 0 0
 1 1
 0 0
 0 0
 0 0
 0 0
 2 6
 0 0
 0 2
 10 11
 7 7
 4 4
 2 2
 2 2
 1 1
 1 1
 0 0
 0 0
 0 0
 0 0
 0 0
 0 0
 0 0
 0 0
 1 2
 4 7
 3 6
 0 2
 1 5
 7 7
 7 7
 5 5
 3 3
 3 3
 2 2
 1 1
 1 1
 1 1
 1 1
 1 1
 1 1
 2 3
 0 0
 0 0
 1 2
 1 2
 1 3
 0 0
 0 0
 4 5
 1 1
 1 1
 0 0
 0 0
 0 1
 2 2
 1 2
 1 2
 2 4
 0 1
 0 1
 0 1
 0 1
 0 1
 0 2
 0 2
 2 2
 2 2
 2 2
 1 1
 1 1
 1 1
 1 1
 1 1
 1 1
 1 1
 1 1
 2 3
 2 3
 2 3
 0 0
 0 0
 0 0
 0 0
 0 0
 0 0
 0 0
 0 0
 0 0
 0 0
 0 0
 0 0
 0 0
 0 0
 0 0
 0 0
 0 0
 0 0
 0 0
 0 0
 0 0
 0 0
 0 0
 0 0
 0 0
 0 0
 0 0
 0 0
 0 0
 0 0
 0 0
 0 0
 0 0
 0 0
 0 0
 0 0
 0 0
 0 0
 0 0
 0 0
 0 0
 0 0
 0 0
 0 0
 0 0
 0 0
 0 0
 0 0
 0 0
 0 0
 0 0
 0 0
 0 0
 0 0
 0 0
 0 0
 0 0
 0 0
 0 0
 0 0
 0 0
 0 0
 0 0
 0 0
 0 0
 0 0
 0 0
 0 0
 0 0
 0 0
 0 0
 0 0
 0 0
 0 0
 1 2
 1 2
 0 0
 1 1
 0 0
 0 0
 0 0
 2 2
 1 1
 0 0
 0 0
 0 1
 1 3
 0 0
 0 0
 0 0
 4 4
 2 2
 2 2
 4 5
 1 1
 1 1
 1 1
 0 0
 0 0
 0 0
 0 0
 0 1
 0 1
 0 1
 1 1
 1 1
 0 0
 0 1
 1 3
 0 2
 0 0
 0 0
 3 3
 3 3
 2 2
 4 5
 1 1
 1 1
 1 1
 1 1
 2 3
 0 0
 0 0
 0 0
 0 0
 0 0
 0 0
 0 0
 0 0
 0 0
 0 0
 0 0
 0 0
 0 0
 0 0
 1 2
 0 1
 0 1
 0 1
 0 1
 1 3
 0 2
 0 3
 0 0
 0 0
 6 6
 1 1
 3 4
 0 0
 0 0
 0 0
 4 7
 36 36
 23 23
 15 15
 7 7
 24 30
 6 6
 5 5
 4 4
 4 4
 3 3
 3 3
 2 2
 2 2
 2 2
 1 1
 1 1
 1 1
 1 1
 1 1
 0 0
 0 0
 0 0
 0 0
 0 0
 0 0
 0 0
 2 4
 0 1
 1 1
 1 1
 1 1
 0 0
 2 4
 1 3
 0 2
 2 6
 1 7
 4 6
 2 3
 0 0
 0 0
 0 0
 0 0
 0 0
 5 8
 1 6
 9 9
 6 6
 6 6
 2 2
 2 2
 2 2
 2 2
 1 1
 1 1
 1 1
 1 1
 1 1
 1 1
 1 1
 1 1
 1 1
 1 1
 1 1
 1 1
 0 0
 0 0
 0 0
 0 0
 0 0
 0 0
 0 0
 0 0
 0 0
 0 0
 0 0
 0 0
 0 0
 0 0
 0 0
 0 0
 0 0
 0 0
 0 0
 0 0
 0 0
 0 0
 0 0
 0 0
 0 0
 0 0
 0 0
 0 0
 0 0
 0 0
 0 0
 0 0
 0 0
 0 0
 0 0
 0 0
 0 0
 0 0
 0 0
 0 0
 0 0
 0 0
 0 0
 0 0
 0 0
 0 0
 0 0
 0 0
 0 0
 0 0
 0 0
 0 0
 0 0
 1 3
 1 1
 0 0
 0 0
 0 0
 0 0
 0 0
 17 21
 5 5
 7 8
 7 8
 3 3
 9 12
 2 2
 2 2
 2 2
 4 5
 1 1
 1 1
 1 1
 1 1
 1 1
 6 9
 4 6
 1 3
 0 2
 1 15
 6 29
 2 27
 19 19
 16 17
 19 22
 10 11
 6 6
 6 6
 6 6
 11 13
 5 5
 4 4
 3 3
 3 3
 12 16
 2 2
 2 2
 2 2
 2 2
 1 1
 1 1
 1 1
 1 1
 1 1
 1 1
 1 1
 1 1
 1 1
 1 1
 1 1
 1 1
 1 1
 1 1
 1 1
 1 1
 1 1
 1 1
 1 1
 5 7
 2 3
