1017
91
14
1284
968
44
61
21
534
163
288
617
4594
2885
317
230
3234
159
792
438
3620
618
699
874
215
419
421
2635
28
1189
457
50
16
3269
71
1561
727
2319
723
49
773
281
3084
801
100
1224
195
1384
11
53
1308
258
712
37
299
256
5130
522
9
453
2268
236
97
700
197
64
213
131
1472
287
225
392
240
570
63
1468
202
750
1471
736
558
635
278
207
650
939
127
691
74
101
1984
1961
1409
742
2357
565
13
574
633
2921
31
386
833
942
1408
2063
528
883
155
1981
877
3126
533
1103
820
2726
1063
200
595
1040
172
2488
1661
861
3843
2365
971
1004
532
2379
271
132
1013
65
235
301
59
114
1938
408
446
303
3956
51
1792
426
1547
401
297
1916
603
1182
285
17
119
80
1631
46
2960
153
62
3
423
704
1318
6053
548
279
1194
110
498
822
654
73
2080
1317
77
2344
26
1699
655
109
149
1644
376
367
217
2846
770
218
1031
4829
593
659
516
277
1133
486
735
20
903
385
389
280
126
148
404
530
4138
961
19
36
183
4598
482
29
485
2176
267
257
87
292
139
2328
6465
747
4211
507
8715
751
451
181
2336
35
1570
6
1233
327
358
216
3177
467
222
55
124
52
259
237
557
442
827
669
1734
379
1939
1076
2565
1346
5507
930
245
1932
1094
641
591
741
1330
598
744
729
5
3688
33
586
563
1420
1059
1255
6912
175
4400
362
434
464
3765
346
2552
23
7
193
134
316
329
188
1019
601
559
15
162
5064
296
692
220
2299
227
89
246
231
125
684
718
814
569
1840
759
167
1367
356
763
96
1963
6376
